2.029712503630378559e-22
6.872884935110655356e-21
9.385377800420956370e-22
1.467635915384337451e-21
1.153676354830318720e-19
6.112287740909153311e-22
3.233698089985669194e-20
4.951527766958774037e-20
1.280482241252318382e-18
2.717592580876099323e-20
5.560001556045244236e-19
8.452632342281608948e-19
1.074398789840996923e-17
5.811429265328844391e-19
6.376591000901849236e-18
9.388022815276622618e-18
7.366213366554121928e-17
7.752163412030050926e-18
5.466920627198437391e-17
7.961044453945685991e-17
4.118262054506968159e-16
7.735874430054922377e-17
3.859391188768826330e-16
5.489972530256925177e-16
2.050084008618975965e-15
6.064763902268111232e-16
2.302597110614420598e-15
3.157942492297479428e-15
9.152853922435861765e-15
3.933650503054211705e-15
1.192615162773479187e-14
1.586723119348670945e-14
3.744069451783334359e-14
2.149616459864724177e-14
5.402118824063801850e-14
7.117228895668601986e-14
1.400250244117533305e-13
1.048184551958773772e-13
2.203359832369276159e-13
2.884719962156996139e-13
4.993890170789901441e-13
4.438556950259314234e-13
8.440002706866084293e-13
1.080724895564134978e-12
1.696760377275742034e-12
1.715908620681513498e-12
2.934331651765622492e-12
3.727622234615337570e-12
5.450389447894335665e-12
6.059923939693810356e-12
9.550948835312759115e-12
1.196225470157640201e-11
1.693649860200933478e-11
1.976457396756613383e-11
2.924449765329845771e-11
3.673721692756976167e-11
4.978040919468591898e-11
6.009663779622703114e-11
8.505536593264303352e-11
1.062984455671919926e-10
1.399118078249638728e-10
1.724776191958726828e-10
2.328283360272588142e-10
2.930038427414170314e-10
3.780107746499722780e-10
4.675907760749577822e-10
6.169128821904513972e-10
7.679156019625366834e-10
9.796532754818060642e-10
1.211763145361829077e-09
1.561964383948203707e-09
1.933036042164732403e-09
2.436410534673419862e-09
3.011605934402552147e-09
3.809241573254172509e-09
4.684723833091844204e-09
5.818475451135041260e-09
7.185127534132524796e-09
8.949072827094103740e-09
1.089616883724712702e-08
1.344211176819566622e-08
1.645456652939630811e-08
2.030016029987599862e-08
2.451217230726733926e-08
3.000297117999644822e-08
3.642223639703481831e-08
4.424607490404310366e-08
5.307324382771174477e-08
6.334197914262393931e-08
7.718821395806187489e-08
9.286642641223558563e-08
1.110478996528899455e-07
1.333203365348283885e-07
1.590728325403194952e-07
1.901661752060258982e-07
2.271303207670210693e-07
2.703653315663504837e-07
3.218153369524434725e-07
3.810992709327070908e-07
4.492199334289686827e-07
5.297665141536445427e-07
6.252289370621581393e-07
7.396740578509622320e-07
8.683051698822841520e-07
1.015641958992094555e-06
1.197461803120384140e-06
1.398446076235325114e-06
1.630087085045105690e-06
1.900162177715410114e-06
2.219161076227691892e-06
2.576350359765258736e-06
2.976372949038080503e-06
3.455627929937169097e-06
4.031755461535316555e-06
4.624053914106348184e-06
5.361889051427801247e-06
6.161063331290511384e-06
7.112588993692011179e-06
8.155077205256648724e-06
9.373595936222422383e-06
1.074033804418267689e-05
1.233063502996457916e-05
1.400278056625061505e-05
1.602187273986561364e-05
1.828351395000309118e-05
2.078121831121161023e-05
2.369168120670089807e-05
2.691313905395654920e-05
3.043010163370527153e-05
3.441362207659250582e-05
3.912707979166574017e-05
4.414455861671325319e-05
4.972864182577541102e-05
5.606393482083659330e-05
6.318306746416630097e-05
7.118108007638014622e-05
7.955924288359881452e-05
8.976850599378173048e-05
1.008465421900307769e-04
1.126783657069511799e-04
1.263036185155675935e-04
1.406028334598454171e-04
1.569849356046384818e-04
1.744676588998083126e-04
1.957311154714508556e-04
2.170779778271301748e-04
2.398912686728358755e-04
2.672006866928484069e-04
2.957269471554930954e-04
3.275472901863401534e-04
3.624585226671169619e-04
3.995268673725622661e-04
4.432557127892549579e-04
4.879516406851794200e-04
5.372563779164947094e-04
5.917020195324600076e-04
6.505331168538438895e-04
7.151747515473564189e-04
7.832596168231999558e-04
8.582306689305555609e-04
9.394892983666151094e-04
1.029432107959048649e-03
1.124594559712671854e-03
1.228118436750490639e-03
1.341794880068178375e-03
1.467839922156793714e-03
1.595471875782750572e-03
1.737432543095069259e-03
1.883811893049328057e-03
2.054040236986250101e-03
2.230613500291952610e-03
2.424992447895425556e-03
2.631960190549454716e-03
2.842110917806039191e-03
3.073184627993566075e-03
3.322389016711829648e-03
3.598645540446072585e-03
3.854234529871973340e-03
4.161547365229919908e-03
4.510823853603119354e-03
4.841074815373612276e-03
5.220751163089179352e-03
5.631064059664611654e-03
6.025858348566476286e-03
6.497940567972117047e-03
6.980623299495592425e-03
7.490305969896401961e-03
8.021037222417756046e-03
8.579180107816280695e-03
9.231061172573320692e-03
9.835101338675726959e-03
1.046364787978217199e-02
1.120176921208488122e-02
1.189826227940340639e-02
1.273359494921409187e-02
1.357336605580473921e-02
1.447775320413814681e-02
1.536997187071158927e-02
1.635358730409679565e-02
1.738769837807529334e-02
1.852377520482469814e-02
1.961887739900533556e-02
2.082029463262249219e-02
2.203279979649097609e-02
2.336343276586235265e-02
2.467656984557341573e-02
2.616573918604119323e-02
2.755380120656734586e-02
2.929140481743010629e-02
3.083225245018929653e-02
3.263197135774911772e-02
3.440256527531460745e-02
3.627668486690938804e-02
3.806096384308549352e-02
4.013244130263661502e-02
4.239866652576481515e-02
4.454648279826617374e-02
4.701150020357697246e-02
4.918368529090073188e-02
5.173521783538991697e-02
5.429595963136130826e-02
5.683089351986297943e-02
5.971985927548962431e-02
6.229850464916421304e-02
6.549541514379617069e-02
6.847890243065364591e-02
7.156194364814869036e-02
7.494652702243741194e-02
7.810022666213382869e-02
8.198785916381190475e-02
8.541135739140473526e-02
8.883746356597355120e-02
9.280718208778847289e-02
9.688272819415062742e-02
1.006947074741811471e-01
1.048530908494368225e-01
1.093568001922484989e-01
1.136528562607645176e-01
1.182103059816202034e-01
1.229341632833777925e-01
1.277029194883313734e-01
1.324734354699620975e-01
1.374492529064714474e-01
1.426022954440795965e-01
1.480422601722391762e-01
1.533422343873983296e-01
1.590337039330439461e-01
1.646123718141537517e-01
1.698685673383548145e-01
1.761245429693247821e-01
1.821683655850740158e-01
1.881498551235335492e-01
1.945837741570681234e-01
2.013580394877281243e-01
2.070023371519653932e-01
2.139382038306634204e-01
2.208282115911399390e-01
2.274961415783881002e-01
2.341058515730591316e-01
2.408059952697042816e-01
2.480297589811766013e-01
2.551562826003518358e-01
2.632257734060109988e-01
2.693792594621068348e-01
2.776942115832582436e-01
2.856122460517365180e-01
2.926823828470335731e-01
3.007238440087213194e-01
3.084168186292157166e-01
3.171677471841620743e-01
3.247830731788702296e-01
3.328462070401430051e-01
3.407855691734871795e-01
3.484017917775755757e-01
3.564371747239446497e-01
3.648405261545809575e-01
3.748811930071677123e-01
3.835116833706803674e-01
3.913412357902033012e-01
4.010540734854993739e-01
4.099993734692060632e-01
4.196746357984740827e-01
4.281292933909998655e-01
4.368730596510646547e-01
4.457596842418236061e-01
4.554313610844400451e-01
4.652494666752609587e-01
4.728288825509472382e-01
4.824233926271380701e-01
4.925955229345067021e-01
5.021784973401944852e-01
5.118457699601484112e-01
5.212226725848005948e-01
5.314412311362718411e-01
5.406996481216952422e-01
5.489458079892157727e-01
5.599381842728933245e-01
5.680609605565098974e-01
5.765743845018882485e-01
5.868916199023290758e-01
5.939587219549112840e-01
6.035168415252555318e-01
6.136746591901983683e-01
6.244972616918127439e-01
6.316236351915021086e-01
6.385760635246782169e-01
6.491501544291516934e-01
6.583282840331892150e-01
6.672083903173515740e-01
6.759718804431618100e-01
6.880420023703970323e-01
6.939043322526530222e-01
7.039148492275125735e-01
7.125552614763743797e-01
7.191342292801693459e-01
7.276745647347362400e-01
7.357158865987368790e-01
7.420194070895086424e-01
7.502555492106384172e-01
7.571030267530467484e-01
7.671796131755601600e-01
7.748191689155506934e-01
7.793513738447406247e-01
7.873989943580682604e-01
7.929574889913318936e-01
8.035894539244268220e-01
8.095237825741321558e-01
8.160668061465365941e-01
8.240698461259325924e-01
8.310723761155865974e-01
8.365684457680077069e-01
8.435068899793072283e-01
8.487613407129210863e-01
8.526685284956203592e-01
8.600884880569606983e-01
8.658877654482397546e-01
8.730142486186441841e-01
8.793827160458898007e-01
8.820729761494869869e-01
8.888757074660377233e-01
8.963269971649480139e-01
9.001674083580687435e-01
9.040887622453116501e-01
9.093054051366642465e-01
9.166555888427163623e-01
9.195792199712360393e-01
9.260958348544678920e-01
9.303797641538538166e-01
9.352387562040336277e-01
9.378576036226984325e-01
9.449377841161544778e-01
9.482126401582907649e-01
9.514219309020918169e-01
9.576433601909714044e-01
9.588627658130715048e-01
9.630632601839009821e-01
9.642831011382968498e-01
9.649878682166489474e-01
9.684022537513119477e-01
9.703090176819135770e-01
9.721634431708381374e-01
9.739555937889693427e-01
9.743557438721206498e-01
9.778684510500301741e-01
9.792883838650703332e-01
9.818701073265840851e-01
9.867848513475113714e-01
9.881737912059125328e-01
9.896961081271987704e-01
9.926560971171122238e-01
9.922104490927239340e-01
9.916930031441829607e-01
9.934492524175086992e-01
9.946545482904203261e-01
9.957192285013737321e-01
9.936495073283844182e-01
9.929462542278973958e-01
9.928446259958999542e-01
9.953125179413850887e-01
9.935614001637674830e-01
9.962392548566310069e-01
9.945638944591507213e-01
9.961518519162275709e-01
9.943557684348435233e-01
9.943815510956065529e-01
9.930487872072264466e-01
9.904408007285787630e-01
9.901525465327147835e-01
9.891348088557150309e-01
9.854377165245756798e-01
9.837964412253070723e-01
9.842558231228791810e-01
9.776858198770733699e-01
9.801351644756730597e-01
9.756567242255239636e-01
9.716210879245330556e-01
9.715433577703740387e-01
9.721762147619450456e-01
9.687539087381106251e-01
9.649458645150172931e-01
9.645919093029396985e-01
9.575751392605051926e-01
9.570049072034344517e-01
9.536771903086580515e-01
9.476344453971801141e-01
9.462668970837982974e-01
9.439365942645031593e-01
9.386575134013349642e-01
9.362118185679845217e-01
9.347024476027899764e-01
9.308534944798525501e-01
9.268718226831137441e-01
9.213612110411703027e-01
9.179900421875820671e-01
9.122205328854517958e-01
9.083349806054671349e-01
9.050960193700715584e-01
9.024444193888148114e-01
8.953428359457316077e-01
8.922578908890353988e-01
8.874505801905452351e-01
8.858239026634726621e-01
8.789632936203405356e-01
8.739986138022420858e-01
8.693358736543701504e-01
8.675383439651860318e-01
8.618982082003522338e-01
8.587634576931523211e-01
8.553974331972898915e-01
8.533204073816849089e-01
8.481380376060710935e-01
8.448293211890259835e-01
8.396197694466360772e-01
8.337109371548890868e-01
8.290336676586446130e-01
8.247300859540626083e-01
8.178303752175443142e-01
8.118298079929359146e-01
8.086514929572304888e-01
8.033344393321780741e-01
7.980707553363411977e-01
7.939396641989895365e-01
7.892434240669665702e-01
7.852176856339826427e-01
7.799299667979069373e-01
7.754958282349458942e-01
7.718697253796438229e-01
7.678303573285111261e-01
7.630997507111362266e-01
7.574854910968499278e-01
7.520084521050829363e-01
7.476291407676225464e-01
7.427490590830092554e-01
7.387281737108742918e-01
7.343484920649824277e-01
7.289639331209856188e-01
7.233340315971525936e-01
7.178173365462512390e-01
7.144235196075062744e-01
7.086302299750083522e-01
7.037780262418047439e-01
6.983643885049489741e-01
6.940840397921532734e-01
6.885775485176095501e-01
6.829432651132265608e-01
6.792202793970941732e-01
6.744289338855660176e-01
6.697363331202109693e-01
6.642735003582955766e-01
6.588751073973139194e-01
6.555386881089010354e-01
6.504740388887280123e-01
6.471953886647457965e-01
6.423598053674375308e-01
6.374916959825083218e-01
6.327562688442738281e-01
6.288139728376456183e-01
6.239519756985421051e-01
6.193048783937795676e-01
6.160000632934974352e-01
6.115061934461968329e-01
6.066669170212317663e-01
6.026894856623468133e-01
5.994005374808184516e-01
5.926116485879516782e-01
5.885394497232475652e-01
5.851067359047553706e-01
5.801676707645695430e-01
5.760860313756638318e-01
5.710878068020798226e-01
5.660932406715086795e-01
5.626489152007606576e-01
5.582019367217415651e-01
5.551421212562213103e-01
5.514880662415263535e-01
5.467124880533125175e-01
5.437492445572391642e-01
5.400803746118402193e-01
5.345837375816872017e-01
5.314198661300976179e-01
5.259373680365884152e-01
5.221599692431760920e-01
5.179379698844197577e-01
5.147537474530582413e-01
5.103880869583287128e-01
5.068799676891475592e-01
5.023628345641640847e-01
4.988803480338796503e-01
4.944386379283332023e-01
4.923086223657164306e-01
4.891092541038821184e-01
4.850676090843675237e-01
4.819607852465646047e-01
4.777852239867335093e-01
4.741981706735486357e-01
4.698965602672890429e-01
4.676732600097356363e-01
4.646746813847449364e-01
4.613518382544465890e-01
4.576656402357587305e-01
4.546917859021810671e-01
4.515606509131514512e-01
4.480190990627888614e-01
4.448449147873519416e-01
4.407498273222559271e-01
4.378206641854195946e-01
4.349274744678235383e-01
4.322435236212791021e-01
4.285519592178056447e-01
4.250635819889064804e-01
4.225502098959740827e-01
4.201323199221396743e-01
4.166094439459792631e-01
4.125755666232724383e-01
4.090668610016770512e-01
4.060120269709194818e-01
4.048362841476122465e-01
4.017664633639596028e-01
3.986604458140751150e-01
3.962656431540895752e-01
3.938449353621837901e-01
3.903572506227598882e-01
3.878539537020588845e-01
3.845169788690160351e-01
3.815809599166823385e-01
3.792417806345281805e-01
3.773689694667956007e-01
3.734733359052437307e-01
3.720870396925165524e-01
3.692728045087497746e-01
3.676851909579845201e-01
3.645412371306564481e-01
3.627729033531919556e-01
3.592659856184894362e-01
3.571754867251052956e-01
3.547754085908326749e-01
3.523111209995474224e-01
3.501673076822984787e-01
3.483147059282534208e-01
3.454264479004914845e-01
3.427321589537928315e-01
3.404399141229195180e-01
3.384045008427222778e-01
3.358836762893067651e-01
3.343590085203096973e-01
3.317456412292980050e-01
3.299606650173613764e-01
3.280933576410853814e-01
3.265556313890974893e-01
3.243159438375259884e-01
3.228715155046009699e-01
3.203264977288897697e-01
3.188930089487061470e-01
3.166809068739168120e-01
3.149411167658687227e-01
3.126790186918563808e-01
3.105482799842968489e-01
3.085759033521775496e-01
3.067051792844804337e-01
3.044102858222496599e-01
3.028184340312267131e-01
3.009163199858327364e-01
2.990874813345645866e-01
2.972403416230862683e-01
2.952910060302107453e-01
2.934188772734169226e-01
2.909451644958263028e-01
2.896261507897832654e-01
2.875128464919655125e-01
2.857303102265806305e-01
2.839495420610173015e-01
2.824728302084089648e-01
2.800728608521735885e-01
2.784926250305446715e-01
2.768823667032955238e-01
2.755660159584955027e-01
2.736196596298666184e-01
2.707042851943101125e-01
2.693112765934395081e-01
2.677054455405964428e-01
2.658423691393325128e-01
2.646612633113352708e-01
2.627732934478907434e-01
2.613415864939978017e-01
2.598354328933047408e-01
2.579306958791964810e-01
2.561930865513460942e-01
2.549443838261488682e-01
2.531896633231727201e-01
2.518112867165198665e-01
2.505133824115916008e-01
2.487857969685073611e-01
2.473834649799327712e-01
2.455741098426964530e-01
2.438492007776873749e-01
2.427039892733638127e-01
2.410076290102057539e-01
2.395441743654125322e-01
2.384188896308231109e-01
2.370111833296118520e-01
2.364542650778703181e-01
2.349148147602164449e-01
2.329208589101626758e-01
2.314015372785859503e-01
2.300637333936049467e-01
2.290537724447130608e-01
2.277680095445661357e-01
2.267732426633101150e-01
2.252825704526369155e-01
2.241802116825798719e-01
2.233074305598468368e-01
2.222156273278442229e-01
2.208351202746049458e-01
2.195892941737558612e-01
2.183316062895712950e-01
2.174056099860727786e-01
2.160128237161239029e-01
2.149008050571550310e-01
2.141601118829185302e-01
2.128038198882556131e-01
2.119188945589087214e-01
2.103704152182451770e-01
2.095999662303978384e-01
2.085893457507983773e-01
2.073303115424368348e-01
2.062145501055046293e-01
2.055849397041216164e-01
2.047913650430664145e-01
2.037558339957287190e-01
2.028601745863717332e-01
2.022653742471177407e-01
2.013642249136041729e-01
2.001190534273806498e-01
1.994242116940029841e-01
1.983410164297477463e-01
1.974825716573883339e-01
1.965524448940092761e-01
1.953831075778877380e-01
1.947046836082814425e-01
1.938665503146132785e-01
1.933621783563092555e-01
1.926339939547192515e-01
1.917771554079709395e-01
1.911673703361564947e-01
1.903462309541422981e-01
1.901065661681506647e-01
1.897111129974316801e-01
1.892006805099466504e-01
1.886265158929112951e-01
1.877963901197123031e-01
1.875239358942795420e-01
1.871853212941920475e-01
1.864790089932235884e-01
1.856826728890793032e-01
1.855587909992954254e-01
1.849881831919527597e-01
1.845773068205639744e-01
1.843435789087004839e-01
1.840641998269825497e-01
1.836442569231435396e-01
1.830821772755534815e-01
1.825199766975995064e-01
1.821374171088921134e-01
1.816992960803160140e-01
1.815422271792391795e-01
1.809811658956087255e-01
1.809456414686637649e-01
1.805998779691786460e-01
1.804225620298019472e-01
1.802666209697771915e-01
1.801385062061798270e-01
1.795165948136902834e-01
1.793212813906892300e-01
1.788077361139003563e-01
1.780089035158305688e-01
1.782148730187489982e-01
1.780255041138396888e-01
1.778021922216428408e-01
1.776190739511870065e-01
1.775436953028623754e-01
1.770356285176004352e-01
1.771821002143788848e-01
1.765374756036199588e-01
1.767789442442194991e-01
1.768025247598294936e-01
1.767538369539423948e-01
1.764816869415622713e-01
1.765147649254360518e-01
1.761971718469814152e-01
1.766388498869234380e-01
1.761776023706776162e-01
1.763344706396285377e-01
1.766891125261174644e-01
1.761967260811068137e-01
1.762154997774333376e-01
1.763513594197340661e-01
1.761097009103855249e-01
1.758791473447992582e-01
1.761461529685856564e-01
1.763231233724096847e-01
1.763284703670262576e-01
1.766593540758379932e-01
1.765564272363816800e-01
1.765189173938930545e-01
1.769374602536897545e-01
1.769945302973308376e-01
1.772565121821768896e-01
1.772753221915889243e-01
1.775010856948761040e-01
1.775891984755720576e-01
1.779613460693093285e-01
1.776996228144137602e-01
1.783727062595996393e-01
1.785877878640271255e-01
1.785671890873072043e-01
1.793294765892304854e-01
1.791916619745443917e-01
1.798754761035072092e-01
1.799578972049225289e-01
1.800328175335362269e-01
1.802835372870766062e-01
1.808570072493361491e-01
1.814608531365166366e-01
1.816486686090285907e-01
1.819200116573393700e-01
1.822767280835337345e-01
1.830055023879247900e-01
1.835780889751999212e-01
1.839117048537592947e-01
1.844708694643108216e-01
1.848423819865496198e-01
1.853818474453415577e-01
1.864046324467202864e-01
1.869964558306549673e-01
1.875272435204168864e-01
1.881436033759494031e-01
1.891638410832219286e-01
1.898130534950419612e-01
1.907794274278198365e-01
1.916982112147213313e-01
1.922847174014341853e-01
1.931402378915245965e-01
1.940153001606547689e-01
1.948931015343333129e-01
1.960932675015237270e-01
1.973863147056493239e-01
1.982774237597891565e-01
1.993003768301609135e-01
1.998779636675180604e-01
2.007493191278284794e-01
2.017508434348950774e-01
2.027934873765327439e-01
2.035166869007352386e-01
2.043208858972209996e-01
2.052652952433089983e-01
2.067557577495942045e-01
2.076352083724156139e-01
2.090801197388868216e-01
2.099038567542902689e-01
2.107468167499301215e-01
2.119439697147525725e-01
2.132954206336168945e-01
2.145386465967472067e-01
2.162437201213136817e-01
2.171285632015647893e-01
2.187383943302254607e-01
2.202665418790871743e-01
2.212819280976278946e-01
2.224519454696606280e-01
2.240496044074005433e-01
2.255490402112864667e-01
2.267449004841819438e-01
2.284890694152443003e-01
2.306272925492245940e-01
2.323781590001947062e-01
2.337728042024792008e-01
2.350843516478514639e-01
2.371017467416732527e-01
2.385568954436956823e-01
2.403136394932017250e-01
2.416827558638443840e-01
2.435749871982626769e-01
2.454004890780103199e-01
2.472151923808857676e-01
2.493041332720671577e-01
2.515763257665063479e-01
2.535516095261534653e-01
2.549826642262046361e-01
2.565009406116288693e-01
2.589703021408781836e-01
2.613027051751044549e-01
2.636032623415003884e-01
2.655024614772841240e-01
2.683599472686039045e-01
2.704902614246976755e-01
2.728191622443528752e-01
2.750997954013023050e-01
2.775634299091977453e-01
2.803956593667324415e-01
2.825978366278579790e-01
2.855520916689047173e-01
2.880867111003911907e-01
2.906059091839903741e-01
2.937538296233278001e-01
2.961386498261062150e-01
2.989693947723781053e-01
3.024998801930136039e-01
3.058416937580767381e-01
3.086130401963932401e-01
3.118805639297597687e-01
3.147911843973045798e-01
3.176507917656749558e-01
3.210171574593180810e-01
3.243161737678059153e-01
3.276243797421790060e-01
3.310858252646155520e-01
3.340965271161158712e-01
3.372334421691151607e-01
3.405049715290229817e-01
3.434757176993528671e-01
3.472069854457404126e-01
3.509460016575666197e-01
3.546695798651849918e-01
3.583109261414671454e-01
3.625040935344974180e-01
3.665874238054339651e-01
3.701713250189265780e-01
3.736604184045072552e-01
3.772571918487828135e-01
3.809240106273410476e-01
3.848257727875256107e-01
3.891809350559783387e-01
3.937237273234368007e-01
3.970112174272800720e-01
4.016600737071224780e-01
4.057875960498261714e-01
4.105366756393485361e-01
4.147801250697505382e-01
4.189253272201621248e-01
4.231588661719987154e-01
4.289687125998473127e-01
4.335168134316099708e-01
4.383431385409845005e-01
4.423737150962007147e-01
4.477433047555879897e-01
4.527558686221940798e-01
4.577293153347369303e-01
4.628958793367765057e-01
4.676092931648971329e-01
4.721136410680023543e-01
4.780747689755428520e-01
4.838225827608917951e-01
4.881863771967160925e-01
4.929944403541434705e-01
4.983511726217210169e-01
5.041187625852361354e-01
5.099054752167019311e-01
5.149991399999080954e-01
5.208082110441989432e-01
5.259103043395961796e-01
5.319202093374844065e-01
5.369492638907843451e-01
5.418896754888826717e-01
5.475402110222439278e-01
5.522419992487149765e-01
5.591362911222957921e-01
5.645234114801604974e-01
5.704012897990203834e-01
5.762851243559760084e-01
5.817400689796703439e-01
5.878810460197971821e-01
5.939744756505713763e-01
5.998501160789214692e-01
6.057258296815623000e-01
6.119021093229428665e-01
6.177779683644570863e-01
6.242881224877891988e-01
6.299192275075558012e-01
6.369177234770940776e-01
6.430338840137153067e-01
6.482163775480070944e-01
6.549497092529897868e-01
6.602140216765004510e-01
6.671437205143069260e-01
6.739863284308216240e-01
6.796378482773326457e-01
6.850847841885704392e-01
6.920569643477743060e-01
7.002268481675769651e-01
7.049657454456859096e-01
7.123387017701948709e-01
7.180798496838309841e-01
7.256769608458246701e-01
7.320960520655682702e-01
7.381016296843283531e-01
7.424299239500565806e-01
7.496838955224031098e-01
7.566562699063894559e-01
7.612240318000066397e-01
7.677645448453102039e-01
7.736057804783275094e-01
7.793504595368553334e-01
7.854922310787019191e-01
7.918519444975438137e-01
7.985331410022918908e-01
8.037875509124816631e-01
8.109088435346960555e-01
8.176299972696345897e-01
8.221145353781199594e-01
8.263738075226680913e-01
8.311577474542372057e-01
8.376184582215269181e-01
8.433599729503510334e-01
8.495060547584183386e-01
8.549071323974141157e-01
8.620998626535115728e-01
8.672219072115853189e-01
8.727792656463926324e-01
8.758831065246962533e-01
8.830127318826532790e-01
8.884037757459536389e-01
8.940635520841589967e-01
8.989382181610497957e-01
9.029189986829426751e-01
9.075342394011411962e-01
9.126941361323935853e-01
9.169356240479348275e-01
9.213993034122949233e-01
9.268179947609211933e-01
9.315599335928539393e-01
9.359774181036565333e-01
9.395600422039100952e-01
9.427172481354669786e-01
9.447065014485844792e-01
9.486264758579902034e-01
9.515153134439687799e-01
9.584669281279752928e-01
9.616300896417572242e-01
9.645851461745025279e-01
9.689893900203070398e-01
9.710186275539798295e-01
9.729956838431410571e-01
9.774040735511448919e-01
9.776292520450169388e-01
9.811094913777114179e-01
9.826588055768515906e-01
9.857741192423049581e-01
9.879152892043526757e-01
9.909225616042374174e-01
9.915478293836721413e-01
9.935107219984620208e-01
9.949213300910046964e-01
9.972384903495961073e-01
9.979997179981245914e-01
9.985566723930838773e-01
1.000000000000000000e+00
9.993194132044700417e-01
9.983518322877505957e-01
9.979321183706135745e-01
9.975540674575733568e-01
9.964999145694118932e-01
9.962361426986967583e-01
9.954167947877348155e-01
9.919415726399506417e-01
9.914285364266378631e-01
9.894006255423980489e-01
9.862983373035074663e-01
9.850708748831911166e-01
9.825279374544899635e-01
9.809823245144252413e-01
9.792426439686181538e-01
9.736019110979321489e-01
9.721589483150357980e-01
9.704587176541579208e-01
9.688888059856292090e-01
9.639977766029621531e-01
9.600353714710320174e-01
9.563197237736121847e-01
9.517774976118255070e-01
9.462686603626478954e-01
9.425661237955470506e-01
9.386229806309737134e-01
9.335117508535022424e-01
9.282811372662120863e-01
9.248264225866843491e-01
9.196438301870791809e-01
9.137972574291324257e-01
9.075978656187240201e-01
9.005584074230161828e-01
8.944004102428831926e-01
8.872588638387740589e-01
8.819811117679003942e-01
8.754691562275986882e-01
8.693150933224846888e-01
8.618779775392916287e-01
8.559653819617858428e-01
8.494674296112388889e-01
8.426036221043375907e-01
8.337382396584963606e-01
8.253750739459394525e-01
8.174089316692164653e-01
8.102062780083844062e-01
8.034521259114607572e-01
7.953018561735437642e-01
7.850250986926948782e-01
7.768012325864670498e-01
7.680454246921378791e-01
7.600751696278763569e-01
7.513883363825857309e-01
7.415399693027792116e-01
7.339373635614171443e-01
7.245895800624335692e-01
7.156379752613850620e-01
7.063368666733433887e-01
6.973157924380420924e-01
6.876348045442434165e-01
6.786145045301253953e-01
6.701335889869550755e-01
6.605175821845059581e-01
6.505395163063300012e-01
6.403502118076173089e-01
6.305061805265862462e-01
6.214489312090820672e-01
6.107875823716043540e-01
6.003526382913134674e-01
5.906205355256682887e-01
5.813907415440036086e-01
5.708578863484339294e-01
5.625010926018161328e-01
5.525318713652456193e-01
5.424475616715280779e-01
5.317481230813219106e-01
5.217031579905739846e-01
5.117935835949735113e-01
5.025879230324563629e-01
4.922207668936388059e-01
4.829072289288329767e-01
4.738601909490307573e-01
4.637761936183926736e-01
4.546909026488764605e-01
4.444676135154572716e-01
4.350578283910835897e-01
4.263677061037554616e-01
4.161751705921173938e-01
4.064294480540228682e-01
3.966761227846112292e-01
3.877442977919569600e-01
3.785002565564499211e-01
3.689668977293861785e-01
3.603053097839948871e-01
3.512855189125803079e-01
3.418894434087693668e-01
3.331873434845508131e-01
3.244090110234904567e-01
3.160813802002394035e-01
3.076129256388335786e-01
2.991172345905170893e-01
2.907035934560186496e-01
2.825879213235087950e-01
2.748258257834934049e-01
2.672272188310079732e-01
2.595071717434239700e-01
2.517311648022684811e-01
2.442419551475729644e-01
2.373143241667799441e-01
2.302078191975394927e-01
2.232379723069096988e-01
2.162519156123622888e-01
2.094168175305186896e-01
2.026893656026536317e-01
1.959317181703340849e-01
1.897315375438664575e-01
1.833452823576437185e-01
1.772568716551077006e-01
1.712119047672659711e-01
1.652448543222110044e-01
1.594930484162102868e-01
1.537460278863431729e-01
1.485407947215429680e-01
1.433638187035876366e-01
1.382402140202421414e-01
1.331056222999849603e-01
1.280941985908754799e-01
1.233195631650794571e-01
1.186488234344463127e-01
1.141065070950691429e-01
1.097031057504068985e-01
1.054176549200448870e-01
1.011466352567018112e-01
9.717671872082714324e-02
9.318806600954090968e-02
8.937516489768619621e-02
8.568130072642868300e-02
8.216283477414670910e-02
7.866390824202180998e-02
7.524864979140626076e-02
7.192612889218791272e-02
6.872096572915940838e-02
6.580247431328331564e-02
6.282742273992623916e-02
5.998484879712714241e-02
5.724548967795093507e-02
5.455186500214305456e-02
5.206624057872289574e-02
4.954205992371099598e-02
4.722727870266248129e-02
4.495899488691982443e-02
4.273971687289782051e-02
4.067578163399196423e-02
3.864888548180901023e-02
3.674959933078245783e-02
3.490279586254217692e-02
3.313877779438637039e-02
3.143546100015701117e-02
2.982786563869697580e-02
2.831299790973844724e-02
2.679866523276317608e-02
2.537819711693648991e-02
2.399653320046090180e-02
2.269831036386170398e-02
2.149940911820859279e-02
2.029505006801082811e-02
1.911921260158308544e-02
1.804706921864240171e-02
1.702614190057868612e-02
1.601845673201652068e-02
1.510261587105534570e-02
1.421957111455607325e-02
1.337790316748152346e-02
1.256686464060391417e-02
1.179857362500947096e-02
1.108372213643772988e-02
1.042001061912258518e-02
9.783508439828461634e-03
9.173655048915192387e-03
8.601345218438216991e-03
8.054753246478980888e-03
7.547858462913922643e-03
7.063012205907926583e-03
6.604420161012415809e-03
6.179049942521596187e-03
5.775467753822551530e-03
5.394523246545053496e-03
5.034243954579110947e-03
4.695761330111080517e-03
4.376062571234266493e-03
4.075856823786041215e-03
3.792939159387405564e-03
3.530391675945215076e-03
3.281739089908066766e-03
3.052246929123100718e-03
2.831563338090541289e-03
2.627141651506403885e-03
2.438248683446979197e-03
2.262312305270826242e-03
2.098091496098279055e-03
1.944221094647302899e-03
1.799020939967784297e-03
1.664710799804395040e-03
1.535996831207073199e-03
1.421119283681281575e-03
1.312997504543859158e-03
1.209120091081186590e-03
1.114979684106564466e-03
1.026522948056753310e-03
9.477999677586270702e-04
8.715175661344321239e-04
8.015232634036765320e-04
7.370821023538706197e-04
6.768532489806535239e-04
6.217171589090656316e-04
5.710684586600670541e-04
5.229516952054546336e-04
4.791160484014898185e-04
4.391256045055474066e-04
4.015998163317075148e-04
3.672206839546332969e-04
3.354764335057305782e-04
3.065154155713240318e-04
2.796904378631506045e-04
2.554466667350056863e-04
2.331358971204196013e-04
2.120986681801664169e-04
1.931711846229782934e-04
1.755917254716800237e-04
1.596550727754997398e-04
1.450371431273621086e-04
1.317201971950924416e-04
1.195845173378009337e-04
1.084110272048931668e-04
9.806235837949346418e-05
8.872059969513094709e-05
8.017484318106849958e-05
7.231056667415267450e-05
6.522506730242592053e-05
5.880918666945295846e-05
5.296537208173631741e-05
4.770053464703222039e-05
4.287029916611831176e-05
3.859427023087684994e-05
3.471585212147914050e-05
3.114936196107157836e-05
2.791304663059826635e-05
2.503460506688170745e-05
2.242904952118751982e-05
2.010831804336372754e-05
1.797928245879944120e-05
1.608546751339038285e-05
1.435770591403444443e-05
1.281319115172742784e-05
1.142113031961995632e-05
1.018443237481101814e-05
9.057352049877432859e-06
8.060702082259121247e-06
7.173861944997933622e-06
6.374247161033877266e-06
5.662535451840556907e-06
5.020767517606068245e-06
4.447901427004585413e-06
3.935558351133761185e-06
3.485114278138219059e-06
3.078171212348574165e-06
2.718630515951624524e-06
2.403681540114195198e-06
2.122283760725063118e-06
1.868376331239742495e-06
1.645186703445001975e-06
1.448128446924380620e-06
1.272832427724716426e-06
1.117764662620710662e-06
9.811891669644936585e-07
8.597161821256094196e-07
7.527443751640468206e-07
6.589217102875002763e-07
5.769841879218359789e-07
5.037402931107857556e-07
4.392633682373861373e-07
3.827741030858521758e-07
3.338702826704355528e-07
2.908214823369004549e-07
2.526863634242670079e-07
2.193031122512340727e-07
1.900251525613340328e-07
1.647818393838367630e-07
1.430290019325688292e-07
1.237890644755976359e-07
1.071161397845149864e-07
9.251118090346064586e-08
8.003789614895611552e-08
6.902753913263560185e-08
5.943326613149889281e-08
5.118172984867463371e-08
4.400339785946455652e-08
3.782730291057316564e-08
3.252356482442184668e-08
2.789272465741783753e-08
2.391124414478476760e-08
2.048018708782182731e-08
1.752690015871284805e-08
1.499925131781284137e-08
1.281205989462409869e-08
1.094990716310250596e-08
9.338831785814267175e-09
7.958699579201419178e-09
6.781016356394598198e-09
5.757584408861222813e-09
4.887692411760613284e-09
4.151852250567643371e-09
3.518276322764933212e-09
2.981980616814467435e-09
2.520237467445532343e-09
2.132384919165791691e-09
1.801743105427964950e-09
1.520071795030130403e-09
1.281074235938955821e-09
1.078205174943885985e-09
9.075993176122998581e-10
7.626445310610501952e-10
6.403421107573609584e-10
5.368924987645090419e-10
4.502555350266976345e-10
3.768394065089002219e-10
3.151466175408869376e-10
2.632197971252038177e-10
2.198260760453847781e-10
1.832819697395598052e-10
1.526326391912473618e-10
1.269686714345781958e-10
1.056903988209133972e-10
8.775316967444729067e-11
7.277658070473417444e-11
6.026005008423792515e-11
4.986079392498292151e-11
4.121086048578350676e-11
3.407180840404688611e-11
2.811359641811128958e-11
2.315579394221175938e-11
1.904455817342195744e-11
1.567477494319950372e-11
1.284958004470605972e-11
1.053787332310111574e-11
8.637600605663904183e-12
7.085538815490695980e-12
5.789120412811761576e-12
4.726558709554067809e-12
3.857933987348870084e-12
3.142746553896286995e-12
2.559310754820234628e-12
2.081435609595190445e-12
1.690956701724400572e-12
1.373186635009424613e-12
1.112421054776079485e-12
9.008045047046438877e-13
7.292412135988309099e-13
5.889833091133670460e-13
4.748799475501374667e-13
3.829478145053614123e-13
3.085480839374561788e-13
2.482187171430087429e-13
1.992493808874019711e-13
1.597745208218304734e-13
1.281763198280166059e-13
1.025497646248907456e-13
8.198900282632151395e-14
6.547204548685762642e-14
5.215104528764371361e-14
4.152397205799254835e-14
3.302093241752574121e-14
2.623518553630612040e-14
2.083961195532917023e-14
1.652877619536582344e-14
1.309998633972384027e-14
1.036495135001992139e-14
8.192690655878283113e-15
6.467455832007546422e-15
5.096695679495841516e-15
4.013607455117062835e-15
3.154574317499777456e-15
2.477419653894472968e-15
1.942845112407456457e-15
1.520350857713483695e-15
1.189732943258926563e-15
9.296141538917279083e-16
7.244510257372082465e-16
5.646902368662614605e-16
4.392549472780304516e-16
3.412066604232455561e-16
2.648711245650380687e-16
2.052152546197217871e-16
1.587656206542702786e-16
1.227895083210599486e-16
9.477569669175248741e-17
7.295527926513501455e-17
5.623261968503003982e-17
4.325270098375176616e-17
3.323274951211861072e-17
2.550720815853503582e-17
1.954935061495395015e-17
1.496604716228535185e-17
1.144113399054253794e-17
8.726516260799206023e-18
6.653372221889634630e-18
5.060844730278739470e-18
3.845414821238629941e-18
2.915588154680292145e-18
2.210631074653712610e-18
1.671076655324392671e-18
1.263860380178961746e-18
9.549772724899820761e-19
7.197919259018579579e-19
5.421975143988219152e-19
4.074806761917905689e-19
3.058407009492009949e-19
2.292740380014309286e-19
1.714471428770650532e-19
1.280388495300618722e-19
9.553511635504315627e-20
7.120643078604406780e-20
5.310558433629590228e-20
3.945732498222210202e-20
2.928828490173262134e-20
2.170952057906923989e-20
1.606690436574535412e-20
1.185905967029028442e-20
8.752171568965433664e-21
6.451676209329862885e-21
4.751487301345432615e-21
3.487674758204208393e-21
2.559771954521690135e-21
1.876574696708160840e-21
1.373434927826192357e-21
1.002855556441681027e-21
7.315073819871385155e-22
5.332416786527940734e-22
3.879875298335893680e-22
2.820370335649778563e-22
2.047258834735675825e-22
1.481819336711733270e-22
1.070393435611633411e-22
7.731409958019231572e-23
5.576995189419191412e-23
4.015280299004542983e-23
2.881986861208760516e-23
2.067023609595695456e-23
1.482119206182324815e-23
1.059821183859307618e-23
7.571320686443223040e-24
5.401439274557065393e-24
3.845255532997503396e-24
2.731593268505461777e-24
1.937200765379980941e-24
1.373379394729783296e-24
9.726450821506057195e-25
6.871517052458743980e-25
4.846178701612911402e-25
3.413406077013138982e-25
2.399749714339537004e-25
1.685321578483743256e-25
1.179333035371596097e-25
8.256628575302961255e-26
5.765220332657891833e-26
4.019245695885363231e-26
2.799593905754753671e-26
1.945908682259695016e-26
1.348367150761755831e-26
9.330534269078263050e-27
6.449033731991695996e-27
4.452551206221627953e-27
3.074686826987399222e-27
2.116221668790430517e-27
1.453055628432985742e-27
9.960426807952273301e-28
6.820172729709306036e-28
4.661752874586396861e-28
3.179997584483079734e-28
2.166401903760877050e-28
1.473259588905368667e-28
1.001678533683511314e-28
6.793224650227038471e-29
4.590778191145316334e-29
3.101147042731296988e-29
2.092079017350240946e-29
1.407944797101975386e-29
9.462375004628607147e-30
6.348274078519584102e-30
4.250392718828863422e-30
2.845938603238526044e-30
1.899279818715592391e-30
1.264898877140284518e-30
8.409616539334878888e-31
5.575655056093325054e-31
3.693397334511661121e-31
2.441076719580320764e-31
1.614460951015522400e-31
1.062703670589534902e-31
7.002765307324122090e-32
4.593717478409119210e-32
3.011828719119103859e-32
1.971155927074305666e-32
1.287286688487828959e-32
8.398521277910162752e-33
5.466540029207937146e-33
3.550856857853109681e-33
2.301829531069081786e-33
1.490025757828839762e-33
9.618039259612055940e-34
6.197131777881590399e-34
3.986895363775928285e-34
2.557901071147852533e-34
1.639635738980245707e-34
1.048796762441939770e-34
6.691131516311474113e-35
4.261383087491859041e-35
2.711539330355224572e-35
1.723118087042486896e-35
1.092914933578098481e-35
6.902067041555682424e-36
4.360626320883903783e-36
2.747312885346669628e-36
1.728430787790423726e-36
1.084100370928373583e-36
6.799472689131561215e-37
4.252831630871236020e-37
2.653214240418831516e-37
1.652487440956494331e-37
1.027000981376642762e-37
6.370468616397939665e-38
3.945642371544100566e-38
2.436878619042082664e-38
1.502327907392233848e-38
9.236719476490777596e-39
5.673146868193807164e-39
3.475923303111216715e-39
2.126666057007013251e-39
1.297051715417876434e-39
7.902238513746085496e-40
4.798173054580551446e-40
2.911333181601540116e-40
1.762645373327572831e-40
1.065517761591675483e-40
6.420108805326921378e-41
3.868486541376058718e-41
2.322927154941656964e-41
1.390643393019107114e-41
8.316537631641056535e-42
4.958974898660530918e-42
2.953039223064997614e-42
1.753400335405361057e-42
1.039925486248229943e-42
6.150314643419863520e-43
3.630147380565893734e-43
2.137858586944037511e-43
1.257815607642839670e-43
7.375494537202984434e-44
4.317270822902685625e-44
2.519778617721881156e-44
1.467983416140850400e-44
8.532444635332595195e-45
4.949399164356284757e-45
2.866143084360717153e-45
1.655290680895713681e-45
9.533239777434305739e-46
5.480100790890468324e-46
3.142996852600413248e-46
1.801887786219535067e-46
1.029238023812611276e-46
5.865832953988984069e-47
3.333708866061985491e-47
1.892134522154228807e-47
1.072147390451005345e-47
6.060760497706649079e-48
3.414280064785241803e-48
1.921088616209750022e-48
1.077953484340947393e-48
6.032199529328994781e-49
3.366884434950960608e-49
1.877272908611579113e-49
1.043812976524380169e-49
5.788521833279171830e-50
3.202873604591399342e-50
1.768530797522828085e-50
9.744302045591195173e-51
5.355227902256057885e-51
2.934179398582901055e-51
1.605723072191596269e-51
8.765248451892872759e-52
4.771873688246560133e-52
2.589370624588270360e-52
1.402432299082206967e-52
7.587789526297701520e-53
4.091265522884338357e-53
2.202906572109347734e-53
1.182471192685899891e-53
6.327963936848448887e-54
3.381430293775739938e-54
1.802892188920480898e-54
9.589165010891472915e-55
5.084327444835658097e-55
2.690958904543980518e-55
1.418940892626818868e-55
7.467888643701927845e-56
3.925037543445451419e-56
2.056817156415419188e-56
1.073914334179233246e-56
5.593943232898944471e-57
2.906698770031058119e-57
1.507567783836793280e-57
7.793724889314631522e-58
4.019903943411000577e-58
2.068284532505958510e-58
1.063503683469126412e-58
5.447529634938611923e-59
2.781313539725656647e-59
1.419055476516053856e-59
7.209173231781963589e-60
3.655381047749474603e-60
1.848683864049098577e-60
9.316348772854228703e-61
4.687129135196031796e-61
2.351529876549736280e-61
1.176004901287605849e-61
5.874613701142388293e-62
2.922046025393847972e-62
1.450321139490003544e-62
7.177070153691052390e-63
3.541137096824839037e-63
1.742223080833932473e-63
8.557099242628930927e-64
4.190532094844922660e-64
2.048463231098377996e-64
9.986853384933985312e-65
4.855237767099545662e-65
2.353581552404925898e-65
1.137546559849235680e-65
5.472931358626062802e-66
2.631750065953882549e-66
1.261825120924548641e-66
6.038108084733357491e-67
2.877192535887592275e-67
1.369336101774613805e-67
6.492362299142320487e-68
3.072619672463055848e-68
1.450183112703558911e-68
6.823423839690255809e-69
3.201087368352627393e-69
1.497134066227013182e-69
6.984264659968851721e-70
3.246152459738873258e-70
1.505144194682505473e-70
6.964895255872749449e-71
3.211489314287956128e-71
1.476801905789373183e-71
6.775732758535027961e-72
3.099366239094327409e-72
1.412488206304459351e-72
6.419591494668025188e-73
2.910220440440623536e-73
1.316465364536976097e-73
5.934639102470581498e-74
2.665983421985791791e-74
1.195079817514703937e-74
5.339177665239877609e-75
2.377875638023094828e-75
1.056524931544411816e-75
4.677510498008237101e-76
2.065911529078430578e-76
9.105200669822635382e-77
3.998009372412848493e-77
1.748522798807644108e-77
7.624884417154015794e-78
3.318930680071317752e-78
1.440156524064730560e-78
6.232255504674531299e-79
2.689076773749419021e-79
1.154937971584954858e-79
4.951592292960449329e-80
2.117017499332745735e-80
9.025687459842624662e-81
3.836443798334225950e-81
1.624813371190429526e-81
6.861748348397809570e-82
2.886533025892486929e-82
1.211490506075819851e-82
5.071551551783232081e-83
2.112019985124886290e-83
8.780860555215590126e-84
3.638986763996448434e-84
1.502409020565439219e-84
6.186437143513331372e-85
2.542052336424863647e-85
1.039639497945807201e-85
4.242236752666720645e-86
1.723926812298421172e-86
6.990986636093063832e-87
2.823067554207255151e-87
1.136457782899561115e-87
4.565041382861523052e-88
1.826938548081694808e-88
7.285261987542689862e-89
2.897720520352083607e-89
1.147993746381266725e-89
4.532615161548877960e-90
1.785235127042773932e-90
7.006817374427295972e-91
2.744063874009874007e-91
1.069593799143569856e-91
4.159381863304406420e-92
1.610897029913979542e-92
6.219052793165415258e-93
2.394843593763357386e-93
9.181900313608369755e-94
3.511485449487147464e-94
1.338636399362894296e-94
5.083965257025245388e-95
1.923602785628373268e-95
7.258591303608596035e-96
2.725384124732355277e-96
1.021772057725243979e-96
3.815489354973449203e-97
1.420926805024875275e-97
5.268103544232823456e-98
1.946576866313918101e-98
7.170092074095825406e-99
2.631042703849884861e-99
9.630224865893813700e-100
3.507836655252930699e-100
1.274620692693979156e-100
4.617506770010718176e-101
1.665588348022418105e-101
5.984362907337844541e-102
2.142939375143852684e-102
7.649617634939443192e-103
2.719254755660492050e-103
9.631650345043775679e-104
3.399030746155210248e-104
1.196052817799850095e-104
4.194687462661910378e-105
1.466051079614994784e-105
5.099981025598406608e-106
1.769846304251777480e-106
6.121090125347952844e-107
2.108125105565998141e-107
7.229231841427869336e-108
2.471061972888846210e-108
8.416639984967701773e-109
2.858221300956023396e-109
9.657600818007632444e-110
3.253022492520239770e-110
1.091285531822997975e-110
3.648234706130369393e-111
1.215490219804570651e-111
4.034278648914282738e-112
1.333718609645647583e-112
4.390277886709971301e-113
1.440491543736267641e-113
4.707355745614895258e-114
1.532612942356539525e-114
4.974550969306284892e-115
1.607322303716562787e-115
5.178783641332750194e-116
1.662551492989733776e-116
5.311269408305359940e-117
1.691191021855496308e-117
5.359473314393519461e-118
1.692787104026329764e-118
5.326070854738703707e-119
1.668898718398036040e-119
5.208904862770647220e-120
1.619178066060448792e-120
5.009005071630186817e-121
1.545820845495173623e-121
4.753533542820251246e-122
1.453907901438406227e-122
4.435603543849596676e-123
1.346975827707441380e-123
4.074005324107782153e-124
1.226611779481751366e-124
3.682347871478386093e-125
1.100054227224174989e-125
3.272833571597485524e-126
9.696163024476294803e-127
2.862979838938331703e-127
8.408907886797259194e-128
2.461258432034688462e-128
7.173409595976519728e-129
2.082727511766794057e-129
6.019052608491690862e-130
1.734084050364663351e-130
4.973031311896075074e-131
1.420297756150298686e-131
4.035257434532794154e-132
1.143504523465574595e-132
3.223878439599138114e-133
9.051459511381441239e-134
2.531114864957762980e-134
7.040507033185511570e-135
1.952285265229905828e-135
5.389739312627391227e-136
1.481362228241951918e-136
4.053501634631711580e-137
1.104365579708627239e-137
2.997744241427376654e-138
8.091972919149976421e-139
2.176098918803977780e-139
5.826591458149783158e-140
1.553952702939271233e-140
4.124070547452255180e-141
1.089028524454239529e-141
2.865092330455780849e-142
7.498361244989175497e-143
1.955875593198552832e-143
5.078788098218138499e-144
1.312064131586760480e-144
3.376453148276274898e-145
8.642796168253149770e-146
2.201730415743179275e-146
5.589011066329365058e-147
1.412261208339818507e-147
3.552504603481823623e-148
8.889370014137224817e-149
2.216765506900527468e-149
5.493027023884047892e-150
1.354920690018048782e-150
3.328576460774517047e-151
8.139441837257240044e-152
1.981626472093776604e-152
4.804499480339261852e-153
1.158426774353163910e-153
2.780002146662926612e-154
6.635668141941771218e-155
1.577384802513576875e-155
3.729740488289129973e-156
8.775520144244166535e-157
2.054023085847955606e-157
4.783313790678241604e-158
1.109915477747894223e-158
2.563645569143539728e-159
5.884636143421918629e-160
1.344325215318597772e-160
3.056745202603295663e-161
6.917477069376635017e-162
1.556672874027558020e-162
3.487280246780533437e-163
7.771643427373859093e-164
1.722622208845203967e-164
3.802753803811923107e-165
8.345973235535304382e-166
1.822947054105346589e-166
3.961277207039024067e-167
8.560578131979535435e-168
1.840016263945397413e-168
3.935620936455862667e-169
8.383990503569088080e-170
1.774692399526630949e-170
3.735874544142300183e-171
7.827874500578008311e-172
1.632825639284810223e-172
3.383597093749473232e-173
6.976299882561630657e-174
1.431324154966323507e-174
2.919207253743512253e-175
5.928156351972868091e-176
1.196746603544354775e-176
2.403580263419335120e-177
4.798007414333962876e-178
9.514614795541149214e-179
1.880948050537628987e-179
3.690455338387998726e-180
7.210481088580171886e-181
1.399946978416445705e-181
2.701619051389041409e-182
5.183106583458992979e-183
9.892085302684844277e-184
1.878737708568209888e-184
3.546872139287243571e-185
6.661003295560721544e-186
1.243266156966802786e-186
2.306483240015645154e-187
4.252611012347398654e-188
7.787320419607411843e-189
1.417799493939751992e-189
2.568590426204014775e-190
4.627080791631395797e-191
8.284800647348329297e-192
1.474473379975771324e-192
2.607519764755262851e-193
4.580459031952318225e-194
8.007538299591791885e-195
1.389928612588222171e-195
2.398905021413125756e-196
4.117487170338378534e-197
7.021347838708469684e-198
1.191461772858434914e-198
2.003811753310872073e-199
3.354442820894337558e-200
5.579692140678534700e-201
9.220501725197783002e-202
1.514965819260188054e-202
2.470495055422720037e-203
4.000986229848442395e-204
6.443025604031439612e-205
1.030444490593071967e-205
1.637719549106092334e-206
2.586477517212894683e-207
4.054077441398614065e-208
6.310882860153847673e-209
9.768304321708607200e-210
1.501820056208630487e-210
2.295665998302851854e-211
3.481118121191975048e-212
5.242632175028439605e-213
7.841196507144101318e-214
1.164225875061200328e-214
1.717676387578861505e-215
2.513367182675173315e-216
3.653770429265874272e-217
5.276345124445805372e-218
7.563535972914921308e-219
1.076424081656651704e-219
1.520975940987640859e-220
2.133663604483891812e-221
2.971989027824165928e-222
4.104632449924357452e-223
5.630282518699669044e-224
7.660428916484406745e-225
1.035595800899116682e-225
1.387788607581062148e-226
1.848343801297047314e-227
2.440514770295256767e-228
3.197982521156727295e-229
4.159774690004817433e-230
5.368141702149766543e-231
6.872187539865031962e-232
8.733166196725181082e-233
1.099521827921593413e-233
1.374243565640369897e-234
1.702464327478212865e-235
2.093363853729819563e-236
2.554931687171753279e-237
3.091993792698522900e-238
3.711957472475990802e-239
4.409930459242161548e-240
5.201716203639263128e-241
6.084224889385166068e-242
7.050109829377953793e-243
8.105365930752074870e-244
9.242008788960811654e-245
1.042431459796949041e-245
1.165688595564124655e-246
1.293870783002359397e-247
1.422468732426813791e-248
1.550932075644373669e-249
1.672953277961610743e-250
1.790206343057704988e-251
1.896361128029779230e-252
1.989874728238132366e-253
2.069985982817113512e-254
2.133958122562833791e-255
2.179028173314541148e-256
2.201882918376238291e-257
2.200967164459220501e-258
2.177485310961502147e-259
2.131963304737204698e-260
2.071727503233776776e-261
1.987401944338738404e-262
1.891522843384676041e-263
1.781268918860789792e-264
1.659721408584292439e-265
1.529193142097858116e-266
1.395668356568373019e-267
1.260034239879146944e-268
1.124255880448305287e-269
9.923835385126085876e-271
8.659445191906198525e-272
7.475233493015299974e-273
6.387729372524787916e-274
5.394537004800812022e-275
4.499035537492665284e-276
3.712268901687476777e-277
3.021966406093984342e-278
2.431618207803222648e-279
1.933119443533762206e-280
1.518181551216336521e-281
1.179183662669225887e-282
9.037728843866220237e-284
6.848135457229410529e-285
5.116072339468136360e-286
3.776903595259381137e-287
2.747380223790583332e-288
1.975904536340997708e-289
1.400147828653351262e-290
9.806619205506397099e-292
6.756874284858961817e-293
4.596286682459568835e-294
3.076544371846056787e-295
2.031905391563791914e-296
1.322849234995037193e-297
8.485479617943466106e-299
5.359151220289282444e-300
3.334492693777243933e-301
2.042220663813985437e-302
1.229983929601816684e-303
7.298133100220008113e-305
4.260552087115002142e-306
2.454838340772793431e-307
1.387395119200510817e-308
7.713178210104896583e-310
4.207883370105928414e-311
2.258190019337552674e-312
1.189467456098248178e-313
6.158136407244139188e-315
3.128219620355040683e-316
1.565183167793110450e-317
7.664835616451930637e-319
3.675354339413033042e-320
1.734170416902775370e-321
7.905050333459944707e-323
4.940656458412465442e-324
0.000000000000000000e+00
0.000000000000000000e+00
0.000000000000000000e+00
0.000000000000000000e+00
0.000000000000000000e+00
0.000000000000000000e+00
0.000000000000000000e+00
0.000000000000000000e+00
0.000000000000000000e+00
0.000000000000000000e+00
0.000000000000000000e+00
0.000000000000000000e+00
0.000000000000000000e+00
0.000000000000000000e+00
0.000000000000000000e+00
0.000000000000000000e+00
0.000000000000000000e+00
0.000000000000000000e+00
0.000000000000000000e+00
0.000000000000000000e+00
0.000000000000000000e+00
0.000000000000000000e+00
0.000000000000000000e+00
0.000000000000000000e+00
0.000000000000000000e+00
0.000000000000000000e+00
0.000000000000000000e+00
0.000000000000000000e+00
0.000000000000000000e+00
0.000000000000000000e+00
0.000000000000000000e+00
0.000000000000000000e+00
0.000000000000000000e+00
0.000000000000000000e+00
0.000000000000000000e+00
0.000000000000000000e+00
0.000000000000000000e+00
0.000000000000000000e+00
0.000000000000000000e+00
0.000000000000000000e+00
0.000000000000000000e+00
0.000000000000000000e+00
0.000000000000000000e+00
0.000000000000000000e+00
0.000000000000000000e+00
0.000000000000000000e+00
