3.826351947233179126e-05
3.482975135781517565e-04
4.879588713817209630e-05
7.721892940981436003e-05
1.528341271015889969e-03
3.280807304637321206e-05
4.554330245408156025e-04
6.789416061871101282e-04
4.460365974394622270e-03
3.940878017014138018e-04
2.116509303629191593e-03
2.996977349750657316e-03
9.930974354524925440e-03
2.194289528638891217e-03
6.916399872357944720e-03
9.030962708134698466e-03
1.853707300553486190e-02
7.869583194499856632e-03
1.737373415136511320e-02
2.085756246262661720e-02
3.155913147141131692e-02
2.125221830773222839e-02
3.561242513110593477e-02
4.062003293457542435e-02
5.130289923528871809e-02
4.527803613326485815e-02
6.391065485890498610e-02
6.958741952632860328e-02
8.227429648459874678e-02
8.280534356375827965e-02
1.032964387660646327e-01
1.121407620939515737e-01
1.258684704937078347e-01
1.340738556639644030e-01
1.535029400257963972e-01
1.667297863428229832e-01
1.845744286341590157e-01
1.998037373330130706e-01
2.188493177206962959e-01
2.366803889930356175e-01
2.568294381732861842e-01
2.772915643318134560e-01
2.972490506831150792e-01
3.197520351129607419e-01
3.419378537996763945e-01
3.623611870712445948e-01
3.891594102349146267e-01
4.111694737839013958e-01
4.364002402806434477e-01
4.570016681053096774e-01
4.824808312267060417e-01
5.098834054970490248e-01
5.322471604636060949e-01
5.582238883860072276e-01
5.795601185833801905e-01
6.033800476831212567e-01
6.294673213616963636e-01
6.488837440604625639e-01
6.770090547953119264e-01
6.989733164794686981e-01
7.149755611535901778e-01
7.355156881878924802e-01
7.623687355182221514e-01
7.823235348476790252e-01
8.030610433482275878e-01
8.162047104798999531e-01
8.334058320852612001e-01
8.487002072256589758e-01
8.627047262845447539e-01
8.755659624796033880e-01
8.882258826765182524e-01
9.060913695791381617e-01
9.172439285291321687e-01
9.272903542707898739e-01
9.355227560155797706e-01
9.408440335422558753e-01
9.531474560565340592e-01
9.641633940579696915e-01
9.713044596442756973e-01
9.728364549426559149e-01
9.778175622380113063e-01
9.870525906057228127e-01
9.885265491880176336e-01
1.000000000000000000e+00
9.952891384352661186e-01
9.971265265551100265e-01
9.945481906151657503e-01
9.972168229456890298e-01
9.909102247143082298e-01
9.895258356475277184e-01
9.876702785260056405e-01
9.894800956196087016e-01
9.784344180788848711e-01
9.766755245314260314e-01
9.723861499888907245e-01
9.674525887851104233e-01
9.568717922901400774e-01
9.521769932337282860e-01
9.419710210895528846e-01
9.377488895362581234e-01
9.297924595881161824e-01
9.211022373376149819e-01
9.157842299333384117e-01
9.059417144620650619e-01
8.998692345092341727e-01
8.887282139628078781e-01
8.805906829368435051e-01
8.723299291435911984e-01
8.616677408823850692e-01
8.554668832297135372e-01
8.403326239285460186e-01
8.328450389509305385e-01
8.214593204639751844e-01
8.111183411927610498e-01
8.010008846162514073e-01
7.896664193635135609e-01
7.790321225852268050e-01
7.660383920007454162e-01
7.575799883450197170e-01
7.483854170787255233e-01
7.381886981189651475e-01
7.285472229824733192e-01
7.204648784276308504e-01
7.089814400862082255e-01
6.993523299407883309e-01
6.887402377434278522e-01
6.834192017293198029e-01
6.734851531076506692e-01
6.620890280546390949e-01
6.547156631909542002e-01
6.438207165829333833e-01
6.351931935664143491e-01
6.268723646907967684e-01
6.159266406371146640e-01
6.081756926063924817e-01
5.998653957292309213e-01
5.912593719416462390e-01
5.811763319209983791e-01
5.765079043381458046e-01
5.668497286094950072e-01
5.567963706397925927e-01
5.484301929452933821e-01
5.434204623994197680e-01
5.346878000261107156e-01
5.270760059227299621e-01
5.204694789553685474e-01
5.128602822775593095e-01
5.053887261152778532e-01
5.006207302267702275e-01
4.937942684461129050e-01
4.899180536191844459e-01
4.828032972143825874e-01
4.765710091855684394e-01
4.702388926022801341e-01
4.649443957780330372e-01
4.598018948650434701e-01
4.564563325680573436e-01
4.514326157621100788e-01
4.466239992550544713e-01
4.434698254386166272e-01
4.382270943115572637e-01
4.341414651157483595e-01
4.293184320098430429e-01
4.258103474621657281e-01
4.210551968057842931e-01
4.179271359119254292e-01
4.145168396066006289e-01
4.103480866429435325e-01
4.056040382583911419e-01
4.036119784459064608e-01
3.996048627065212910e-01
3.963371725887376851e-01
3.932414808589611011e-01
3.909758275822876605e-01
3.880753697549239045e-01
3.868671826133509573e-01
3.852017638938994848e-01
3.836153505201608249e-01
3.831038441394595262e-01
3.807011344949760567e-01
3.802456951041277566e-01
3.784458159103907260e-01
3.779949615005852026e-01
3.777446399977509861e-01
3.776676140972540785e-01
3.786717520896230038e-01
3.785832204654205335e-01
3.792778783983846713e-01
3.797431410929810736e-01
3.814149097663432908e-01
3.812835829211400074e-01
3.827456011609526310e-01
3.832834767227665251e-01
3.844363302352735157e-01
3.865676937901537658e-01
3.883949138618960628e-01
3.916145459817728658e-01
3.935038154608496708e-01
3.970957809975726449e-01
4.017477909678179304e-01
4.063289828132599091e-01
4.109119697841935315e-01
4.125901402592213052e-01
4.175630898124336188e-01
4.216208232958886803e-01
4.285620364132970983e-01
4.345867667103031073e-01
4.407656627233025870e-01
4.472819448256811770e-01
4.552027788426333821e-01
4.632165833534518384e-01
4.728439832101484774e-01
4.810240067540585973e-01
4.902692939396032235e-01
4.987156020015210411e-01
5.066822540216712190e-01
5.164758248703297250e-01
5.263939073065632135e-01
5.360496647374428658e-01
5.469050728726597699e-01
5.565385707901157053e-01
5.676868745929326554e-01
5.775644783280619032e-01
5.907589923524201314e-01
6.021268995464786888e-01
6.140236899964369721e-01
6.258931914641324701e-01
6.390926077907942426e-01
6.534612207990743160e-01
6.647281841770799060e-01
6.782942039576540516e-01
6.910461833796921471e-01
7.049563240131077047e-01
7.197044643126038199e-01
7.331343047725740192e-01
7.466638296184727741e-01
7.620760759582623223e-01
7.757622656989894283e-01
7.891929635018980482e-01
8.070724805129837476e-01
8.216316757824249084e-01
8.337963010226044913e-01
8.467176726673968368e-01
8.596242289979281193e-01
8.699940964874328664e-01
8.843408040390453584e-01
8.946031310044352258e-01
9.084852391011456474e-01
9.155851107545430745e-01
9.268299529044928819e-01
9.356629098208403272e-01
9.420335693885926176e-01
9.486629734669357328e-01
9.566089406155297015e-01
9.588427782636788077e-01
9.642876912683581159e-01
9.685917538735302479e-01
9.698259877597592560e-01
9.699678462605166862e-01
9.690242718667719801e-01
9.664020946078180074e-01
9.645698913673520503e-01
9.580074805006838501e-01
9.524854691009239094e-01
9.479967891405310931e-01
9.390638784972363817e-01
9.303054804620964902e-01
9.207889743087736001e-01
9.109412907348903854e-01
8.949876164415816460e-01
8.806346657343353534e-01
8.648161393905621219e-01
8.451846129088277371e-01
8.270637394170597956e-01
8.087935390075706721e-01
7.859352446041233398e-01
7.640867904484563988e-01
7.400976233957352601e-01
7.171056691054550347e-01
6.920192196284711272e-01
6.662480262799860276e-01
6.428805816345558588e-01
6.189488759656393002e-01
5.922924738082818719e-01
5.660395707171829160e-01
5.408051195876474315e-01
5.155154130661557810e-01
4.897885842938088929e-01
4.644200020900772219e-01
4.389597652351074908e-01
4.143840247768109109e-01
3.901611645570073339e-01
3.657944182756413531e-01
3.422739246404774560e-01
3.202431873825362652e-01
2.983142204686647370e-01
2.765019465763385864e-01
2.559865698421541214e-01
2.364494016989617531e-01
2.179277087245467537e-01
1.998744374919690370e-01
1.831564969225329409e-01
1.669103505173885338e-01
1.519508856943504460e-01
1.376490702351435835e-01
1.245582529474649203e-01
1.123126392045513677e-01
1.010312813889877037e-01
9.036039702198081502e-02
8.057713629045465398e-02
7.156632141599231223e-02
6.331033684711544207e-02
5.601742354506419191e-02
4.937513994085734881e-02
4.324706945720342699e-02
3.788709717367027413e-02
3.300475650974044745e-02
2.858914258943164033e-02
2.476892136617617549e-02
2.130274847371067815e-02
1.824481280072883654e-02
1.559611485370224898e-02
1.326896860625614849e-02
1.122234209948900531e-02
9.455476545195710611e-03
7.952948588118870926e-03
6.648700834420623318e-03
5.541009152028145666e-03
4.601592782326405749e-03
3.814035087802477002e-03
3.131746384718712105e-03
2.559784168399293486e-03
2.083795041765683625e-03
1.686598025457587734e-03
1.357962639067744571e-03
1.091630733516112768e-03
8.728086322612346694e-04
6.923582127355170420e-04
5.487440790897762759e-04
4.314882527202690819e-04
3.379136413884294707e-04
2.628913795442103110e-04
2.041523651941045097e-04
1.574418231316810604e-04
1.204685144647394312e-04
9.188202578378635969e-05
6.964555999379914964e-05
5.250330253095382915e-05
3.933580396729519866e-05
2.930792338933598096e-05
2.170084398533786411e-05
1.601317040622504380e-05
1.175388022882113585e-05
8.548479138024730719e-06
6.173427739314078952e-06
4.432356926288545094e-06
3.163862460704023385e-06
2.248329050882803001e-06
1.583625729197494220e-06
1.108067411347969473e-06
7.700158204114673638e-07
5.322471953797352007e-07
3.643188928260539265e-07
2.486614540689830893e-07
1.681156086733768486e-07
1.132190223896599347e-07
7.554380393381608316e-08
5.007653289960406240e-08
3.295171569578912118e-08
2.149080743716593149e-08
1.393972651601713653e-08
8.962208844159817696e-09
5.701141185471536611e-09
3.606093896122838108e-09
2.266923070271733475e-09
1.412381143186410302e-09
8.733342876207546632e-10
5.341865158875221753e-10
3.246411562216625337e-10
1.957429781833279237e-10
1.169019141851661489e-10
6.913560313891434169e-11
4.058310965969845411e-11
2.360528788330298803e-11
1.363833647642322342e-11
7.799535815779376633e-12
4.416154091621783898e-12
2.477106575430154291e-12
1.377531863778957292e-12
7.594825404233215764e-13
4.136720588249868612e-13
2.235989408725705739e-13
1.196599972918413879e-13
6.332497171793556648e-14
3.320693405065807985e-14
1.723329594245720326e-14
8.873233254434749832e-15
4.513896669286604735e-15
2.267077605628147642e-15
1.130880324061717291e-15
5.579412725017597691e-16
2.722601767844782390e-16
1.312520919016868744e-16
6.270640020338692366e-17
2.954976814424201159e-17
1.381394438122875310e-17
6.378289072016753088e-18
2.905027828362446232e-18
1.310682092361073937e-18
5.825066428588100102e-19
2.561374465435484095e-19
1.113548917822394810e-19
4.776423382682133076e-20
2.028765258449728894e-20
8.501027746019828890e-21
3.519029292050774218e-21
1.438795497041239021e-21
5.810481449206895376e-22
2.312294662310551898e-22
9.093175539776997114e-23
3.526575746896044417e-23
1.351447888102562618e-23
5.100537555623120449e-24
1.898232815481682241e-24
6.974265174314967872e-25
2.523645116979969511e-25
9.017104994276546947e-26
3.174954630374041279e-26
1.099977074610121749e-26
3.761387061317583553e-27
1.266125200458989822e-27
4.197172430701993225e-28
1.369690316675660070e-28
4.414425388417389837e-29
1.397380457605676099e-29
4.364264489090544180e-30
1.338178796792979824e-30
4.040980746913991830e-31
1.200826106621854066e-31
3.512628443919606911e-32
1.010098150327567765e-32
2.855220221645746468e-33
7.926413905170714159e-34
2.165661408525176147e-34
5.805596151411695300e-35
1.531286568489737716e-35
3.966866376898510064e-36
1.008643171479454660e-36
2.516654125317641285e-37
6.165743706401707127e-38
1.481380146806547597e-38
3.491709501700882370e-39
8.078964096190115178e-40
1.833112281382095041e-40
4.072967439548507021e-41
8.858317721004759044e-42
1.888304332025247801e-42
3.944019071987184973e-43
8.055230871342563309e-44
1.610101759104044276e-44
3.145323799270699028e-45
6.015298875059506393e-46
1.124528407154151273e-46
2.050114417002443137e-47
3.645951955490643593e-48
6.335956695700638176e-49
1.073987836980552946e-49
1.777705026345810897e-50
2.857875659709052280e-51
4.483800117628059893e-52
6.848805808512284224e-53
1.018936525418573660e-53
1.469693877821311523e-54
2.058517811970477821e-55
2.797931732012538344e-56
3.684779813093298456e-57
4.715176598238091293e-58
5.836469930324365367e-59
6.993123906630711882e-60
8.112579955818514940e-61
9.069999860008497996e-62
9.768672989799941702e-63
1.013783263116625652e-63
1.010608682640369894e-64
9.679099318445600295e-66
8.894253214696488261e-67
7.826238952756980242e-68
6.583369584266369207e-69
5.276503907094680253e-70
4.014134504676236162e-71
2.892502235032610102e-72
1.977616919121690336e-73
1.276687202772178970e-74
7.757214739657334653e-76
4.425509783644765874e-77
2.353028004001318513e-78
1.160831020040399810e-79
5.296595501582338865e-81
2.207875843679379414e-82
8.343395523455527641e-84
2.837028074533415694e-85
8.585945529982576351e-87
2.278982241014363764e-88
5.160469050361916441e-90
9.746716555005484702e-92
1.471568361556339882e-93
1.678633106973877826e-95
1.281654665083398136e-97
