1.279821032250821021e-02
6.288717157519047030e-02
9.152071156730919380e-03
1.449166267819920403e-02
1.561733764232655086e-01
6.115731966460655547e-03
4.894778598128642078e-02
7.167454865435327060e-02
2.588233127645899745e-01
4.178552868432140743e-02
1.398126139545994850e-01
1.819445590622658093e-01
3.468159273060592018e-01
1.348289505175296055e-01
2.784431069685832094e-01
3.204062485080774181e-01
4.242066732057654943e-01
2.943509640444189612e-01
4.320348741998180642e-01
4.586580717320399847e-01
5.161657406334844156e-01
4.719606186056560793e-01
5.769774591543727071e-01
5.974348646759575221e-01
6.360069426965139217e-01
6.485628786454890049e-01
7.106482338398645293e-01
7.222512825149614013e-01
7.622065201355142650e-01
7.899836182178914257e-01
8.343666524833038833e-01
8.420426823236754066e-01
8.712618019331126451e-01
8.885660306196138114e-01
9.069137937199798216e-01
9.337084012453973347e-01
9.464335933882457308e-01
9.613199246744589255e-01
9.742812151620593442e-01
9.783489721968506858e-01
9.883576368070425833e-01
9.927048585105999745e-01
9.903516042383140316e-01
9.966727483004438337e-01
1.000000000000000000e+00
9.967273702198575780e-01
9.979416297835299599e-01
9.944759433528246317e-01
9.874318324605136921e-01
9.829066408453266401e-01
9.771921811309857153e-01
9.730071269684799073e-01
9.597734005959254189e-01
9.494389342708092761e-01
9.375010141325602619e-01
9.310281013575917308e-01
9.262662806377346403e-01
8.996979052289120204e-01
8.933651187292747098e-01
8.782347797344193241e-01
8.661898721394778455e-01
8.628894118633358978e-01
8.441255733285555340e-01
8.351139311200906912e-01
8.197935204633580719e-01
8.074864193388121558e-01
7.893154100164493370e-01
7.843803534557913792e-01
7.665767704885365630e-01
7.574136214517220855e-01
7.426286033876197124e-01
7.325486008846688879e-01
7.183949368560753612e-01
7.065114109209217341e-01
6.943912616305302210e-01
6.860933624876474068e-01
6.681411337041580634e-01
6.598815392223374987e-01
6.493237236459081796e-01
6.378822501752355878e-01
6.222989008399151256e-01
6.147199690291126339e-01
6.035325421971985405e-01
5.976257244740127428e-01
5.885231424230343844e-01
5.750207446884333384e-01
5.697646026819637166e-01
5.603980117619927759e-01
5.537386037930923655e-01
5.452729829119993266e-01
5.367285762687203921e-01
5.302391486981039570e-01
5.246048268257008651e-01
5.201319969725882730e-01
5.179967334861022010e-01
5.130350556840101994e-01
5.091074846529376474e-01
5.047023455382431134e-01
5.013319242082643346e-01
4.982998250749215985e-01
4.961128939449801489e-01
4.937483965886148574e-01
4.925043792770611994e-01
4.939003710299628702e-01
4.928883435053972306e-01
4.945728471598499487e-01
4.953365872023049454e-01
4.982299955687077286e-01
4.989759315795657124e-01
5.024688444292118028e-01
5.076388544279851756e-01
5.076290690194779076e-01
5.092408995820152384e-01
5.151661414944515016e-01
5.202443760243340432e-01
5.276175372867674129e-01
5.326531466273155546e-01
5.406355765126302781e-01
5.506258287079642821e-01
5.571944927351433208e-01
5.673665149901518934e-01
5.792148166546987609e-01
5.912552319132401424e-01
6.033347967773289300e-01
6.168011937070561057e-01
6.331536607084206070e-01
6.503290399027239488e-01
6.671930838341237902e-01
6.822641790906994741e-01
7.015156421263278874e-01
7.199578697452331255e-01
7.348478382306581347e-01
7.570311862670797698e-01
7.777841084099484936e-01
7.961325736105926421e-01
8.145223688671521245e-01
8.365563645654323643e-01
8.533822434307908322e-01
8.753052115966678537e-01
8.956301559476902430e-01
9.122208545958218062e-01
9.255527613000515963e-01
9.432410006542933933e-01
9.592312774043438850e-01
9.684491480192741752e-01
9.728669658770194850e-01
9.813066252741742268e-01
9.835234031756265871e-01
9.868866066639245815e-01
9.867175986974852098e-01
9.821177035185919557e-01
9.740096292412294687e-01
9.634137374133168175e-01
9.540699471532728682e-01
9.416652689335887061e-01
9.266951001851270187e-01
9.054557291538389840e-01
8.813783625505728914e-01
8.548298429207974447e-01
8.228155023866691176e-01
7.917425216861402326e-01
7.579688709547985903e-01
7.239021001237103681e-01
6.885718555298170340e-01
6.503303798810906589e-01
6.131776117482581334e-01
5.726292607904148735e-01
5.304893871068869782e-01
4.906806221175974980e-01
4.542171970825260585e-01
4.164715119194286608e-01
3.786273755635268801e-01
3.427023923754141665e-01
3.094643583236526552e-01
2.754370379349482256e-01
2.454136639744740611e-01
2.164462451586619818e-01
1.906734688102151021e-01
1.657151325735881642e-01
1.436065294464021758e-01
1.232429744184998788e-01
1.053756552311524569e-01
8.902289151824306634e-02
7.496031844186555604e-02
6.221304514960496884e-02
5.148599825185919826e-02
4.227991690184181722e-02
3.430014284972861954e-02
2.754437244379743036e-02
2.202851778866806928e-02
1.744807768662276146e-02
1.364976989377611992e-02
1.057773588175691358e-02
8.121789634032067218e-03
6.172674482361331823e-03
4.624826384607849325e-03
3.449947502079434968e-03
2.542800983995804984e-03
1.853506939606150037e-03
1.337606242969768301e-03
9.516146267295839609e-04
6.699796243489014808e-04
4.658889405108467973e-04
3.195699515157952083e-04
2.167036224797100048e-04
1.452979652873409870e-04
9.602380945574852183e-05
6.241303524830220210e-05
4.019959139996798447e-05
2.551835213913274239e-05
1.592802644190760374e-05
9.820086838225272768e-06
5.969933163219476747e-06
3.573871983778440967e-06
2.098233710021071824e-06
1.214595053377947092e-06
6.938382407944186943e-07
3.881548058724260996e-07
2.135630464911560243e-07
1.156673456645100329e-07
6.157781967324173388e-08
3.205250265402538214e-08
1.645395823745974047e-08
8.271703864054237294e-09
4.084900527676995506e-09
1.979782253486485896e-09
9.420121276387760426e-10
4.391010950513771506e-10
2.004796250309978685e-10
8.945539913901088840e-11
3.912215578795924899e-11
1.671772863564977722e-11
6.993048534761092647e-12
2.851543346542017998e-12
1.137906297101616113e-12
4.436555401595757014e-13
1.690072824297519341e-13
6.275610824394547439e-14
2.277810337039465851e-14
8.017659391289413972e-15
2.754347138749492172e-15
9.213911485040260302e-16
2.996794345310800484e-16
9.482745686752522888e-17
2.928360017597949473e-17
8.772888370689979706e-18
2.557617457245768963e-18
7.229795849750753105e-19
1.978733243358720013e-19
5.240806722017130264e-20
1.346649529528259604e-20
3.350801856681383645e-21
8.036519098982021212e-22
1.863705267216030509e-22
4.169929131401410536e-23
8.994720336868104337e-24
1.871226807257211087e-24
3.736287164256443397e-25
7.180923107638232817e-26
1.322345697165522028e-26
2.342637703742520390e-27
3.960102104644307240e-28
6.408268284040960484e-29
9.853836177324676300e-30
1.444383791618501346e-30
2.009467726953521780e-31
2.644406084125825929e-32
3.289250267283571635e-33
3.867446433479303170e-34
4.269029498047313357e-35
4.388446363834336084e-36
4.196814864763120764e-37
3.726694431296603717e-38
3.062750030953746771e-39
2.297234951098175285e-40
1.567353597491044920e-41
9.601334288830424496e-43
5.242782017457509918e-44
2.506757563045316555e-45
1.021251382490817548e-46
3.484418762269437240e-48
9.434297281455027420e-50
1.930995945431075996e-51
2.672581511509130886e-53
