2.865115525475303771e-12
5.568749569090928092e-11
7.686776981528541926e-12
1.195314068193240612e-11
5.237531576493733392e-10
4.919696115782069611e-12
1.480095664126939619e-10
2.276512088129021663e-10
3.315753716872969713e-09
1.254218093253238492e-10
1.464540958836880172e-09
2.169276918425706249e-09
1.597077638479480178e-08
1.540657878068878617e-09
9.848338065782612012e-09
1.418479602998156541e-08
6.229065212114156021e-08
1.209562168898295820e-08
5.032062793081620005e-08
6.838473383392533490e-08
2.067469308553125910e-07
6.818683946225727117e-08
2.078789706024728849e-07
2.697647556345683828e-07
6.037207872994866617e-07
3.047909868501246653e-07
7.213617200659918484e-07
9.149666756895133557e-07
1.642407734117029712e-06
1.135076836046908666e-06
2.217353261730869059e-06
2.715829048930603151e-06
4.201459570316764923e-06
3.616827988228043850e-06
6.103417566758650420e-06
7.339211202678203768e-06
1.019602899298027674e-05
1.021383890320240670e-05
1.525609406353720660e-05
1.816545207113718743e-05
2.374783577093376471e-05
2.580518061479642193e-05
3.581297363760181180e-05
4.221235916461503631e-05
5.252005118677373775e-05
6.039978774004290963e-05
7.810768524033657610e-05
9.215873407050474784e-05
1.116854630091260739e-04
1.311536494637377363e-04
1.617460289143850391e-04
1.896244511188827813e-04
2.268608171190915801e-04
2.658782779691092014e-04
3.202195977323959736e-04
3.727272493448307504e-04
4.388859032116691089e-04
5.092810482719074047e-04
6.028669266318030517e-04
6.971227046435360094e-04
8.079404207532725479e-04
9.349129471652232971e-04
1.079184200087726512e-03
1.250185621408531848e-03
1.436596463969164791e-03
1.639779032886172147e-03
1.873486959620560477e-03
2.141897170934181117e-03
2.431748294322027756e-03
2.760996778929367991e-03
3.122409878632062107e-03
3.546306472548799073e-03
4.014882965892857883e-03
4.508951024151628371e-03
5.076898615693889796e-03
5.708977444107589741e-03
6.378025693971637808e-03
7.116749649095813895e-03
7.966779168009849310e-03
8.853186450870039956e-03
9.833010957855424852e-03
1.089873611347613562e-02
1.205419533734672539e-02
1.336473711361705133e-02
1.468004034657452959e-02
1.608817160195892201e-02
1.776025810901018728e-02
1.947454462260563013e-02
2.136147463632123017e-02
2.336946597628158928e-02
2.553350944069304740e-02
2.788787780747526215e-02
3.027878970501894640e-02
3.283453240413636981e-02
3.574676616580255151e-02
3.866371329812966912e-02
4.178113715955199953e-02
4.509863817404761999e-02
4.877925190590966242e-02
5.252990074394420228e-02
5.655029508256245729e-02
6.071000507097668031e-02
6.499209137753489407e-02
6.965558454584443171e-02
7.441065641602677416e-02
7.983066359644211407e-02
8.524676846708995059e-02
9.071909629654943685e-02
9.652694446383987270e-02
1.031940693055736352e-01
1.094317811701400189e-01
1.158690965433128855e-01
1.228679187483597002e-01
1.300407268466396149e-01
1.370348369169892278e-01
1.451708530597682623e-01
1.529194259607224438e-01
1.610154587735848353e-01
1.692398657512873550e-01
1.791023937437142277e-01
1.879146058533883723e-01
1.969456583622021251e-01
2.067473766168649030e-01
2.170579357740325122e-01
2.264754494777130589e-01
2.375213790161481153e-01
2.478587432141782509e-01
2.593774940090088355e-01
2.701116470042458362e-01
2.812187402759769306e-01
2.923982940681336684e-01
3.039229417577312686e-01
3.169669866270239944e-01
3.282675544190815087e-01
3.411915315364935641e-01
3.535533340319952367e-01
3.667871478985649247e-01
3.792718321469250586e-01
3.915097329962500816e-01
4.050403328876854836e-01
4.191574942922178804e-01
4.325864449766276820e-01
4.469722393661608173e-01
4.619703651529899480e-01
4.761054190937394348e-01
4.866238757027341877e-01
5.036952829988408098e-01
5.155503055899424147e-01
5.295869872314141746e-01
5.408032401666686972e-01
5.552207586434338982e-01
5.688893014082095911e-01
5.832131084921712283e-01
5.994564019702303126e-01
6.129687137705767119e-01
6.248007250494295173e-01
6.388099168470039446e-01
6.531206367956715608e-01
6.672407588440489867e-01
6.763150930914804126e-01
6.925128483046620875e-01
7.052462440778749508e-01
7.163310051772789899e-01
7.313518932953232410e-01
7.429599314538380961e-01
7.559054056050732440e-01
7.675123535252027507e-01
7.818578996082485855e-01
7.886826404340014918e-01
8.019286235115338224e-01
8.144743024363986228e-01
8.240316004191763355e-01
8.352223139978304234e-01
8.430753161049358013e-01
8.500351626877231670e-01
8.628227080846280206e-01
8.706142018808388228e-01
8.815989983080069203e-01
8.903567390828375228e-01
8.987944778996591610e-01
9.067124546474543134e-01
9.151698488989377100e-01
9.231915711763712951e-01
9.305226829512944775e-01
9.350462497409046669e-01
9.427567612564361488e-01
9.471392422014858203e-01
9.541417734822388308e-01
9.600994942773866114e-01
9.646667043185452872e-01
9.702977454639668542e-01
9.731335639122162817e-01
9.765280675328228410e-01
9.785782847630024595e-01
9.821848651442858236e-01
9.847619435798647958e-01
9.865331443525190425e-01
9.893472094666683203e-01
9.917072909197152120e-01
9.930350902600408869e-01
9.965404888746679513e-01
9.960719323730714558e-01
9.973916346138648192e-01
1.000000000000000000e+00
9.950309157349463973e-01
9.968357224850069587e-01
9.961378303052680350e-01
9.947759424284221552e-01
9.949351446266420096e-01
9.933940396732939826e-01
9.915838393423505037e-01
9.897288428753443501e-01
9.896473942739282270e-01
9.858510296608037349e-01
9.848376998639218893e-01
9.834378885140271365e-01
9.803293176930787389e-01
9.780651056958586942e-01
9.767128043877559840e-01
9.726630465961161320e-01
9.683583749713997602e-01
9.635668947709072896e-01
9.595125206116260630e-01
9.558308584161113730e-01
9.524624173977279673e-01
9.482180536103587132e-01
9.431437293990428961e-01
9.395129465371145905e-01
9.340980633004172251e-01
9.299221627385018119e-01
9.265015025389374825e-01
9.208274203782659262e-01
9.141530244141953254e-01
9.074683579529205790e-01
9.026805524418132221e-01
8.985272591802462294e-01
8.898587463248859297e-01
8.851385247937658685e-01
8.797370804626146734e-01
8.737368362131342492e-01
8.660001389965840124e-01
8.611932571746024889e-01
8.537943533649928751e-01
8.490847392591668319e-01
8.421149966171811441e-01
8.370928306481731918e-01
8.311138848420206449e-01
8.247426361602752110e-01
8.179371405685893492e-01
8.128905589630562867e-01
8.052861662906256601e-01
7.977195672688988104e-01
7.915291100007457725e-01
7.833399504841738192e-01
7.789808143276971686e-01
7.703800970466987419e-01
7.640861661192679399e-01
7.584508166700725251e-01
7.503210171884380220e-01
7.426930134468123779e-01
7.364128185036286078e-01
7.291748365848684799e-01
7.213250399114065070e-01
7.152130306959759709e-01
7.087704442882909461e-01
7.008842992726532772e-01
6.941420170998406913e-01
6.873649878781958877e-01
6.823608656805170147e-01
6.757274938716278934e-01
6.693683544399345875e-01
6.633422622881770536e-01
6.566754589383042573e-01
6.509187509840085317e-01
6.452250750451898886e-01
6.383594358760569243e-01
6.329613983648270104e-01
6.261198364660907068e-01
6.211395701887567622e-01
6.152495159295732208e-01
6.101713951774823119e-01
6.032343746104590343e-01
5.969351537511470296e-01
5.935288468107074999e-01
5.870757022205863596e-01
5.824967842438492083e-01
5.777342863296103248e-01
5.704555066093187632e-01
5.653356203531708646e-01
5.595755796731302079e-01
5.542552503602616865e-01
5.492215316887718579e-01
5.432410440628970827e-01
5.384150138811212294e-01
5.333935093549558859e-01
5.278879287318090086e-01
5.220712405596961148e-01
5.176481101007377461e-01
5.131170512136710160e-01
5.078133368277242266e-01
5.038204277734427139e-01
4.983547797705163984e-01
4.935750936446837156e-01
4.878743487012745517e-01
4.832786728382889030e-01
4.791288972771263754e-01
4.741155833147068788e-01
4.693297487398721546e-01
4.640686995770384460e-01
4.583933078600547217e-01
4.550183056263816250e-01
4.510961634234442741e-01
4.459891829081510384e-01
4.418724739568614113e-01
4.377940252865653026e-01
4.327937210438454474e-01
4.291786639458257668e-01
4.254645693908162274e-01
4.205356614679249816e-01
4.174258825452131783e-01
4.133535915749135814e-01
4.092891242427152410e-01
4.051964971436889940e-01
4.016845861585762179e-01
3.981963017217343137e-01
3.941051676303352624e-01
3.910607917692344171e-01
3.875238699381000074e-01
3.847574780761642277e-01
3.804525945166252199e-01
3.774841440053934849e-01
3.744637800617689471e-01
3.706094586107340216e-01
3.672691586962159582e-01
3.639021699229325613e-01
3.601084216207042221e-01
3.571649975009705824e-01
3.533304021484858226e-01
3.507337106280981054e-01
3.479467185512405969e-01
3.448832144798738564e-01
3.421086206878490299e-01
3.388550791728248135e-01
3.363060413882831834e-01
3.338255011273930650e-01
3.307928075231990617e-01
3.273346555279783021e-01
3.250680645452474482e-01
3.224708646340599949e-01
3.203853574473721211e-01
3.179034209497419994e-01
3.150060658936191249e-01
3.125613579631421612e-01
3.100966256091468587e-01
3.076625472753717339e-01
3.056416238518493977e-01
3.033743980256728423e-01
3.013832092365201221e-01
2.995676342751989463e-01
2.974150098241267748e-01
2.957945595970787878e-01
2.938435140244163857e-01
2.922767053614302446e-01
2.901677851382566398e-01
2.881656239883536030e-01
2.869746645904173166e-01
2.854533160131274561e-01
2.844630254908559475e-01
2.824099040750180922e-01
2.805805511862381474e-01
2.788785254243016376e-01
2.770118247145804680e-01
2.754289295331369680e-01
2.745522323741372284e-01
2.726121675342507711e-01
2.716352806952569421e-01
2.706949362612411925e-01
2.697674583889156930e-01
2.687661926032614557e-01
2.670787774608417986e-01
2.657718769216587118e-01
2.647230170539988103e-01
2.639125323583026983e-01
2.626714480532875151e-01
2.615486503833577281e-01
2.608019171608815245e-01
2.597583336025316436e-01
2.589084596878187816e-01
2.585920978437467044e-01
2.579388848928192424e-01
2.566840868339793635e-01
2.556956850442579920e-01
2.546117882018755774e-01
2.540484671315447751e-01
2.534228973605184287e-01
2.531306980732212497e-01
2.523402011783571486e-01
2.515574544892955067e-01
2.511710008086932011e-01
2.508308259393637329e-01
2.506639650420215970e-01
2.508713876212855243e-01
2.504378167477942507e-01
2.493479681038653917e-01
2.498838463644348362e-01
2.501665652331168666e-01
2.495827965543067906e-01
2.499847579822936650e-01
2.493975002466140012e-01
2.494016853164709169e-01
2.497863258419561472e-01
2.501825830662033345e-01
2.505197070960368255e-01
2.511464192668520501e-01
2.510972684742874272e-01
2.516148815194030886e-01
2.519259105049196368e-01
2.524305802146393773e-01
2.525745558634110433e-01
2.535222112614164969e-01
2.534691999801284013e-01
2.539943443196869821e-01
2.547679929348189432e-01
2.558246954735751144e-01
2.569139863920998357e-01
2.574400645943742960e-01
2.582273908109990468e-01
2.589475678016219251e-01
2.601695501989210735e-01
2.613588843947645679e-01
2.625340240304359085e-01
2.633191302685359836e-01
2.648741627776252106e-01
2.663816220464672035e-01
2.675688669883624637e-01
2.689706304457520347e-01
2.702794428456201659e-01
2.721263263897171214e-01
2.736133364979809190e-01
2.753744819638000441e-01
2.763977479372399237e-01
2.783707314567082092e-01
2.802749594873640282e-01
2.822159980511383948e-01
2.844427166073202340e-01
2.868471666458025648e-01
2.895341685887830585e-01
2.919025478941703611e-01
2.940959438446639207e-01
2.965498670902953493e-01
2.990607967120429977e-01
3.015998268057308307e-01
3.041854011335128893e-01
3.073443321685682683e-01
3.106985075947648056e-01
3.135712471528150913e-01
3.165649297739611123e-01
3.201664797860406808e-01
3.236383315921020909e-01
3.265289227686589690e-01
3.299502623689409830e-01
3.331605896437492276e-01
3.368742113557993134e-01
3.406638358432428348e-01
3.445134322732225085e-01
3.486925835518638883e-01
3.526498852218603597e-01
3.566207969792629662e-01
3.607076655107908647e-01
3.656225248945546014e-01
3.698042872191398267e-01
3.749337140699101623e-01
3.800160739000645327e-01
3.851112624122711159e-01
3.900856963469258587e-01
3.945410271271779235e-01
3.989292043616366468e-01
4.048161340759559579e-01
4.101100616095068596e-01
4.156757778194591912e-01
4.214821871818003607e-01
4.271435998175726056e-01
4.341513495961051849e-01
4.399810415881028614e-01
4.460811006160847469e-01
4.521149465380395749e-01
4.584958344991392210e-01
4.656889606830005857e-01
4.717235506930052558e-01
4.789496354806865863e-01
4.856699249680344610e-01
4.936198112576309915e-01
5.005167051766399311e-01
5.083868717658902581e-01
5.155984420532822021e-01
5.229355773505969252e-01
5.305195421012394164e-01
5.376601502367447383e-01
5.464589344432436713e-01
5.540415661054444163e-01
5.622689539456321439e-01
5.695480826378760408e-01
5.777677341315412551e-01
5.851075131087776215e-01
5.934890026731701740e-01
6.023595107723386244e-01
6.096636890808458942e-01
6.187180573920081361e-01
6.272830217570108946e-01
6.365688781415613784e-01
6.449088576390492600e-01
6.538392965207840968e-01
6.620592546925979649e-01
6.697256071758693752e-01
6.790167574060601563e-01
6.874113078438996993e-01
6.968648703289856972e-01
7.050225193830207404e-01
7.139822649642854069e-01
7.229778404854246832e-01
7.312678948421553748e-01
7.393227391427916739e-01
7.482534729182530597e-01
7.570266193159140844e-01
7.651293778948899948e-01
7.730215952374712707e-01
7.825683386011300646e-01
7.917729505968149617e-01
7.988515888010437882e-01
8.081734062285735876e-01
8.151425906126948950e-01
8.233108328036637946e-01
8.318390314733706825e-01
8.397735259882296299e-01
8.482488505341561069e-01
8.566033119638335469e-01
8.626660765126656916e-01
8.693673026218942113e-01
8.759415762747604361e-01
8.822866189152926975e-01
8.890917276404584069e-01
8.972919665008481926e-01
9.031586827744925161e-01
9.099120440134916832e-01
9.160489170939869474e-01
9.220923372235170223e-01
9.274119093360482236e-01
9.337039713199014601e-01
9.375433939438223563e-01
9.419527164377761164e-01
9.463399629208534281e-01
9.520635568831122830e-01
9.562827006753983339e-01
9.604304466322149958e-01
9.648595719836116080e-01
9.672148085725120747e-01
9.688348907007605648e-01
9.688753740491090616e-01
9.707420032034785873e-01
9.710895064376626751e-01
9.725446951393689199e-01
9.737673761818017582e-01
9.735737577750613880e-01
9.740301526394397058e-01
9.719991575222722835e-01
9.708965887149596519e-01
9.696766778592902369e-01
9.681114370030311500e-01
9.638328264547580959e-01
9.604486082832566218e-01
9.558725856054571812e-01
9.511700417560428056e-01
9.482690994124637340e-01
9.427590335906181895e-01
9.373354560924812562e-01
9.313043008060849504e-01
9.249540102055034962e-01
9.182311633878972312e-01
9.105495201131948990e-01
9.057981778669783601e-01
8.978881483758442972e-01
8.886984554659913549e-01
8.800048251502095020e-01
8.730834428726605978e-01
8.634093229596935259e-01
8.540662401401568626e-01
8.442250164044030614e-01
8.320403059014640501e-01
8.222936987472009296e-01
8.109710474698450522e-01
7.994921850046708967e-01
7.876366424996491533e-01
7.756429603478980361e-01
7.623668406171343337e-01
7.499165231835858147e-01
7.372442716787817041e-01
7.237743940964569411e-01
7.102340015434189802e-01
6.972869382076927192e-01
6.844623122347314181e-01
6.710539812981584085e-01
6.565630983277886967e-01
6.429162807991529727e-01
6.288985352898027736e-01
6.162059498315348716e-01
6.018032966505695303e-01
5.865198609598220036e-01
5.713190334287936434e-01
5.570095834832231585e-01
5.417838988032609437e-01
5.267237553902052172e-01
5.124015472923332259e-01
4.979168202202420845e-01
4.826138555103356431e-01
4.680409831808623466e-01
4.532568341194441186e-01
4.391952112473545555e-01
4.247853380686145153e-01
4.103324845879878779e-01
3.966741149868372451e-01
3.828613346597481981e-01
3.694525916101663587e-01
3.553997088945617389e-01
3.426498727771080666e-01
3.297193672525444708e-01
3.170121053627956154e-01
3.046634832569230511e-01
2.924583513862148987e-01
2.804455278902267534e-01
2.686328717333381078e-01
2.575591309477728297e-01
2.461559804456309453e-01
2.349550229884103669e-01
2.245030644810801779e-01
2.140777777056782349e-01
2.042363304145765335e-01
1.948401887400446619e-01
1.854270247777443648e-01
1.766738324998015919e-01
1.676911362837999742e-01
1.591753258905085067e-01
1.508828803740951963e-01
1.430273189872641182e-01
1.354826986855914017e-01
1.283302877470680337e-01
1.213286124989753217e-01
1.143103242025533539e-01
1.076603970526323201e-01
1.013100952986364656e-01
9.530604376465275085e-02
8.953487389588581091e-02
8.397652880882244819e-02
7.877096659891183461e-02
7.371315785737790616e-02
6.901784601651714257e-02
6.443380529502708287e-02
6.013677584285356814e-02
5.607768197699718876e-02
5.229516090683231089e-02
4.861365482888174716e-02
4.516346748027195296e-02
4.198865803566846633e-02
3.889955306910666127e-02
3.599280772060804018e-02
3.330181214845744780e-02
3.078236528092225324e-02
2.841829362586583904e-02
2.627205102807921369e-02
2.415138680413174421e-02
2.223442130011799023e-02
2.043373408730122034e-02
1.874041257098965976e-02
1.717313169624789387e-02
1.571257820249961218e-02
1.436899314254734897e-02
1.314221376565291068e-02
1.199925715523807862e-02
1.094339908984030309e-02
9.960377302628853693e-03
9.052850596213324677e-03
8.219977686661513946e-03
7.466234118898747163e-03
6.756751022460163146e-03
6.108313804450350715e-03
5.520137573382262290e-03
4.975592963078427806e-03
4.482692270662923424e-03
4.031869314093076626e-03
3.619375676293047368e-03
3.244331700817408484e-03
2.905367987538179549e-03
2.599835009010796009e-03
2.322454821307628082e-03
2.074937244170046817e-03
1.846987075119993797e-03
1.640743290074935922e-03
1.457194044155012309e-03
1.292075903539800872e-03
1.144037697529901119e-03
1.010454052653138833e-03
8.918544369538593556e-04
7.852215289433011692e-04
6.906074115948518258e-04
6.067100490762373198e-04
5.323212665742902989e-04
4.667855008618879316e-04
4.090241278304503460e-04
3.569621748226841631e-04
3.109256737007746194e-04
2.707619494601585576e-04
2.352671095725297832e-04
2.042919952797958886e-04
1.772195122018226478e-04
1.534051450840174581e-04
1.325828998588827329e-04
1.144133832199399159e-04
9.862894073573626338e-05
8.483126895890217547e-05
7.283916430203298258e-05
6.235501796547365404e-05
5.330862253379127968e-05
4.551481741059983766e-05
3.868565891460315042e-05
3.298679211673308546e-05
2.802803464993223578e-05
2.373184199906974462e-05
2.009894300613096940e-05
1.699484774498080219e-05
1.431163405954197774e-05
1.205689712225594632e-05
1.013516395733927776e-05
8.499991938354637571e-06
7.108936292719909149e-06
5.941365893427278393e-06
4.957716550285778843e-06
4.131167265250653658e-06
3.438246235266466051e-06
2.852149888318426681e-06
2.360979791686723484e-06
1.951159088041492634e-06
1.608759331022493088e-06
1.324809449321437862e-06
1.088740483624730896e-06
8.934469353603234703e-07
7.307369834673163936e-07
5.973419845331546427e-07
4.874767515380088995e-07
3.968047746425925583e-07
3.225278226326218603e-07
2.614717936323505580e-07
2.113985876013271221e-07
1.706904678763286688e-07
1.372792901748276940e-07
1.102297900027099571e-07
8.847081731490314260e-08
7.074202364314452316e-08
5.650861332163909524e-08
4.504837681135074619e-08
3.585964574315054440e-08
2.848859221425388391e-08
2.257867641487510223e-08
1.783346264029453868e-08
1.407200181469849238e-08
1.106814753172474482e-08
8.690087076929041046e-09
6.805562786715939567e-09
5.308891811180701740e-09
4.135104593677639932e-09
3.215627567334659582e-09
2.494860689797666016e-09
1.930319152698868806e-09
1.491165314075272921e-09
1.149897066641035950e-09
8.842047334469236358e-10
6.778500807165531009e-10
5.193530915518074587e-10
3.967644345251019000e-10
3.022273083841028908e-10
2.298496563473112399e-10
1.742187863103606772e-10
1.319144035137194615e-10
9.950120416276457716e-11
7.488498169793579101e-11
5.617427824800982064e-11
4.206051065489854142e-11
3.140587745099767797e-11
2.337008697537363856e-11
1.737255431199801728e-11
1.287185899593701351e-11
9.524928811460204493e-12
7.025852248333695227e-12
5.165719044976383286e-12
3.788429817031339962e-12
2.771389835463249369e-12
2.021043795531585085e-12
1.469674698020706058e-12
1.066727130117961932e-12
7.723241909541945392e-13
5.574923608177239849e-13
4.009990645845267706e-13
2.882796094966738920e-13
2.064317321945323177e-13
1.473309124189242951e-13
1.047834171539727425e-13
7.442221018271090749e-14
5.270501120974590225e-14
3.715651092422303098e-14
2.615443331165223709e-14
1.837005449545947555e-14
1.286675628977716566e-14
8.973360475283906551e-15
6.246214946780857518e-15
4.330977714226459206e-15
2.994578607499232136e-15
2.064322161898807517e-15
1.418011992420031964e-15
9.716247259449170539e-16
6.637636608192752340e-16
4.525997249395598919e-16
3.073893401235001899e-16
2.084272182712825448e-16
1.407013869184812196e-16
9.462973044489556912e-17
6.352515918214386150e-17
4.247544160991255256e-17
2.830452072529140442e-17
1.880998129583943259e-17
1.245971878725380962e-17
8.222365236707224473e-18
5.412232073702592749e-18
3.545924492857428533e-18
2.319565054108879405e-18
1.513074160617991602e-18
9.823625097547516588e-19
6.366192128157897509e-19
4.107435840354921273e-19
2.640651592011217316e-19
1.691425740340157528e-19
1.080671779934474015e-19
6.876613078996494384e-20
4.363523661216870637e-20
2.761478698319879681e-20
1.740916087191423417e-20
1.093546020521282484e-20
6.842149107999301926e-21
4.267792279473177284e-21
2.651000555738457107e-21
1.642116245939916533e-21
1.013504653455298209e-21
6.235159674997482618e-22
3.821093223751227232e-22
2.334154533456760879e-22
1.418579375835878634e-22
8.598546935307498706e-23
5.187844037717680273e-23
3.117742179761368262e-23
1.869370817424122153e-23
1.116541727685949283e-23
6.638308526112288598e-24
3.936375834676068219e-24
2.324778686573744652e-24
1.367128354717433333e-24
8.005629318775316838e-25
4.671500688577411168e-25
2.714301850262993314e-25
1.571926273864099046e-25
9.073127142694325096e-26
5.218623810899454547e-26
2.988447366633887454e-26
1.702521151624563594e-26
9.662477554471394656e-27
5.457599260419762029e-27
3.073350758996161549e-27
1.723432436455072530e-27
9.617187807708156461e-28
5.349100607769881369e-28
2.965121260917310089e-28
1.635686570981532716e-28
8.990255214646598355e-29
4.918414056860245248e-29
2.682342964067943912e-29
1.456120090436819031e-29
7.874784750691369059e-30
4.239351313780150118e-30
2.270587355722167404e-30
1.212900714607564246e-30
6.439074096197252437e-31
3.408905923605663154e-31
1.796384054629818190e-31
9.401450088021293356e-32
4.909462569458633941e-32
2.550069455509133840e-32
1.318590810216436352e-32
6.789580135843560550e-33
3.480839152924064201e-33
1.775879919666928948e-33
9.026324175988663631e-34
4.557744414326785200e-34
2.294044837308804871e-34
1.149107942572456483e-34
5.733104480211791748e-35
2.843886994432927802e-35
1.404981819572539681e-35
6.903360188948270818e-36
3.378584232139935888e-36
1.646144715989944443e-36
7.981992196186956479e-37
3.845994511537802168e-37
1.847962113622881718e-37
8.824503429847178022e-38
4.191799200156863475e-38
1.981124526521279628e-38
9.325127166612280179e-39
4.368038258010552083e-39
2.034903431946616165e-39
9.436920187536592082e-40
4.352530786394999614e-40
1.994890106277289726e-40
9.119764681467829424e-41
4.144173917332625367e-41
1.872855853039272283e-41
8.413405975887367349e-42
3.759675919405249156e-42
1.672558096938884480e-42
7.414073404076982103e-43
3.264472649612196579e-43
1.429515521833851972e-43
6.226362242003310942e-44
2.702992529200544100e-44
1.164914161255341441e-44
4.999416415492252024e-45
2.132761402574270646e-45
9.044721723126448694e-46
3.817138367945050676e-46
1.600334929907791651e-46
6.680605664804098561e-47
2.770839933235759657e-47
1.143994254769470890e-47
4.695008033980490551e-48
1.915344739825374848e-48
7.774004639057052601e-49
3.138038784607772500e-49
1.258384050291692729e-49
5.018503151434420429e-50
1.990097441132540536e-50
7.847682081484821610e-51
3.076175309231796025e-51
1.199383080473640062e-51
4.645154609650993004e-52
1.789357755532257319e-52
6.851174962998847998e-53
2.609214916245245327e-53
9.876193474991308103e-54
3.711794678906970879e-54
1.386431478445210811e-54
5.149223581592392863e-55
1.901793133962932983e-55
6.974227131106525069e-56
2.541320369106835637e-56
9.210514536674750825e-57
3.315701671284134289e-57
1.187432325331127831e-57
4.224707718777989669e-58
1.492897041561085469e-58
5.241413151799081067e-59
1.829689270426629021e-59
6.340928649112895524e-60
2.184325966173290821e-60
7.476998236564055644e-61
2.542579420827829484e-61
8.589500329511584001e-62
2.885208854084677682e-62
9.621675835124077407e-63
3.188087046300635003e-63
1.049049425141671410e-63
3.429411749258087710e-64
1.112680106098334703e-64
3.585947967017167592e-65
1.147450180464891448e-65
3.646789101689759313e-66
1.149952444619100202e-66
3.606459008325843352e-67
1.124604148624947246e-67
3.478950461567917537e-68
1.068680426639426396e-68
3.258236741856641748e-69
9.863259362892522772e-70
2.962899025025935843e-70
8.846211712776878590e-71
2.621920511981950904e-71
7.716765860083642723e-72
2.253258757834674720e-72
6.534462075584142278e-73
1.881053762955625644e-73
5.369798361579504849e-74
1.522978636458617772e-74
4.284499910777676120e-75
1.195993372835618421e-75
3.313270760267224181e-76
9.115305685442384070e-77
2.489148001803505550e-77
6.740445929820653283e-78
1.813141254124576726e-78
4.836887184180344983e-79
1.278812572925129861e-79
3.354399326429618258e-80
8.734041514589204943e-81
2.255675747918767897e-81
5.781286996541366889e-82
1.468952282776845498e-82
3.705470110808967833e-83
9.262502135500512642e-84
2.297259352559176263e-84
5.647182382469362875e-85
1.377279524598270557e-85
3.333914892045112119e-86
7.995850072258938778e-87
1.901593950027592961e-87
4.487214545892641104e-88
1.048675463773714665e-88
2.428328732811828840e-89
5.569024970152023846e-90
1.267362987670134700e-90
2.857689636729013417e-91
6.391446719096111733e-92
1.416679803316863384e-92
3.110786608899088276e-93
6.764802343083246964e-94
1.458885221397805973e-94
3.116394184672434333e-95
6.602167100126881065e-96
1.383656629450255075e-96
2.875774654972577140e-97
5.920104456491701879e-98
1.206364131166719317e-98
2.432889901806968070e-99
4.862012130959392768e-100
9.626961430115684301e-101
1.886678885454253467e-101
3.656091492198453276e-102
7.024638239228652076e-103
1.335395880747288790e-103
2.514021760052930832e-104
4.685823506463459958e-105
8.629384278250140122e-106
1.575523782891013394e-106
2.844099385089412650e-107
5.083245969954905534e-108
8.985425550790551667e-109
1.570880407072252745e-109
2.717295672195600543e-110
4.651006769511028894e-111
7.870718020753224790e-112
1.317389526926959432e-112
2.178703352533515108e-113
3.564918872951619179e-114
5.768454130605575669e-115
9.224650557481390493e-116
1.456851808548345719e-116
2.273932258805025545e-117
3.502938278249333050e-118
5.339449463559150086e-119
8.031845463422385207e-120
1.192863721838147776e-120
1.750902621489132817e-121
2.537757984888925502e-122
3.635167440573141977e-123
5.142394133679625748e-124
7.173855742237373238e-125
9.877248010651809883e-126
1.342239618431306192e-126
1.798246292890277579e-127
2.378175393003070107e-128
3.099231945249234370e-129
3.981904003737924141e-130
5.053273500996750629e-131
6.315031836054814867e-132
7.781334032548169858e-133
9.436616840804030980e-134
1.128728951954165465e-134
1.329870802421126271e-135
1.543211767208359300e-136
1.761857545833073918e-137
1.983298055223272509e-138
2.195971231357740677e-139
2.390768612159925016e-140
2.559710409085624084e-141
2.699519828640465928e-142
2.802556544828452582e-143
2.856486606614869795e-144
2.857959903699358441e-145
2.812032724902147791e-146
2.717852514270461224e-147
2.579827709609293440e-148
2.405318080413383347e-149
2.200729973500084382e-150
1.974153165605767700e-151
1.738798144117393317e-152
1.499827641063974879e-153
1.267130992036361122e-154
1.049642538700234353e-155
8.498421182156922821e-157
6.740111574195991597e-158
5.227691776367273459e-159
3.966574451267165439e-160
2.940115524503602827e-161
2.130904345849018386e-162
1.506132543452368451e-163
1.038123731947794708e-164
6.993272136008834343e-166
4.583877849379464816e-167
2.921791540072637660e-168
1.815323088151998519e-169
1.096602978673082288e-170
6.439207188013428518e-172
3.668176575057794352e-173
2.029575149936348724e-174
1.089055353792469941e-175
5.670098231969538858e-177
2.856503880006041281e-178
1.386927923316542105e-179
6.517083890524156486e-181
2.950118728831750952e-182
1.285690416630764309e-183
5.383876688142660777e-185
2.164770208534312012e-186
8.341554167066584498e-188
3.065036196766791312e-189
1.073952101245585150e-190
3.585152335306918272e-192
1.136399856745693055e-193
3.417406288685701949e-195
9.717779377880754538e-197
2.597039177616418703e-198
6.520886925780078888e-200
1.524529074060693082e-201
3.314234229682750502e-203
6.644616157218713392e-205
1.225823326615251997e-206
2.046311037537818828e-208
3.076272176331125132e-210
4.117710106212892143e-212
4.807811110184398470e-214
4.836054398552748866e-216
4.066336361602066042e-218
2.714732955373181379e-220
1.370771643552343823e-222
4.615096734183466058e-225
