4.994897788667230998e+01
4.642670300245708859e+01
4.841771912086869634e+01
4.797063406748657144e+01
4.360616309322222151e+01
4.884657091708459120e+01
4.487807545806663256e+01
4.445200569113012534e+01
4.119929491593575221e+01
4.505195545204833252e+01
4.203351837876016361e+01
4.161463885423336251e+01
3.907218534103049024e+01
4.198929022535912736e+01
3.959389804521651968e+01
3.920709696564745173e+01
3.714704279688839961e+01
3.939855971954330016e+01
3.744523107962095310e+01
3.706938637684288551e+01
3.542593024496954968e+01
3.709807805477521470e+01
3.549085203998447469e+01
3.513843823599199823e+01
3.382089562278588346e+01
3.503886587416945986e+01
3.370473873049013491e+01
3.338885568940850135e+01
3.232471066016387340e+01
3.316920851898839828e+01
3.206004279024273274e+01
3.177452034355292199e+01
3.091601819331754086e+01
3.147090186645118592e+01
3.054940005047865270e+01
3.027367285229729532e+01
2.959695524247626963e+01
2.988654653933008376e+01
2.914362281700550739e+01
2.887417838051715080e+01
2.832539100953954403e+01
2.844327689650890534e+01
2.780062357959604924e+01
2.755338910034970468e+01
2.710230034337337202e+01
2.709107836763178057e+01
2.655454140518440909e+01
2.631525055615611564e+01
2.593533405147718440e+01
2.582932386713173400e+01
2.537438061188822758e+01
2.514926486497506630e+01
2.480155014216506970e+01
2.464712997430387986e+01
2.425532967436356557e+01
2.402723078948520197e+01
2.372339959896089567e+01
2.353506721944268065e+01
2.318771870757018405e+01
2.296477045376195747e+01
2.269000883592480022e+01
2.248075363166663010e+01
2.218071968914819081e+01
2.195083539183906396e+01
2.169609841635019620e+01
2.148342761262665590e+01
2.120629329779376349e+01
2.098734128209753180e+01
2.074382240739487315e+01
2.053118939301612045e+01
2.027732158735852863e+01
2.006417399118026879e+01
1.983273997310698178e+01
1.962079236743966248e+01
1.938583572976131109e+01
1.917895887003896860e+01
1.896222755949474958e+01
1.875125256751971392e+01
1.853171590476404162e+01
1.833485459231724235e+01
1.812487338858454677e+01
1.792266279768773529e+01
1.771263705438423131e+01
1.752409601390627358e+01
1.732196942085511182e+01
1.712808635879264330e+01
1.693349917216028189e+01
1.675159291840736842e+01
1.657471754999278346e+01
1.637701906050779144e+01
1.619210365136223118e+01
1.601330420031126778e+01
1.583051105924641888e+01
1.565390367331519883e+01
1.547536754068369191e+01
1.529774188390229028e+01
1.512349171266032499e+01
1.494928794363431734e+01
1.478020594212875949e+01
1.461575323966826545e+01
1.445082946679895031e+01
1.428514795498176682e+01
1.411705621014380085e+01
1.395672260586979974e+01
1.379998967348319638e+01
1.363530640535554994e+01
1.348014888333500494e+01
1.332687711816470255e+01
1.317357131874223342e+01
1.301838132709099227e+01
1.286913674974493915e+01
1.272480512994798119e+01
1.257550637197982724e+01
1.242130867845526154e+01
1.228423876703709539e+01
1.213619421000430521e+01
1.199726117659974989e+01
1.185364424629597124e+01
1.171686985470660147e+01
1.157761376412690879e+01
1.144150399412910701e+01
1.130342373927851440e+01
1.117625463619469883e+01
1.104155572303989175e+01
1.090951078119951489e+01
1.078146094498333696e+01
1.065038657537616018e+01
1.052289594993726496e+01
1.040007825414295439e+01
1.027705808136988708e+01
1.014869575290231296e+01
1.002804088614948341e+01
9.908929496574273799e+00
9.789017825235987402e+00
9.669474212579189043e+00
9.550283504122944578e+00
9.439008620318418252e+00
9.318276356934347859e+00
9.201910580814910645e+00
9.090973118904457806e+00
8.976821878855389514e+00
8.869571426160291594e+00
8.759360708782423899e+00
8.653771169316314626e+00
8.538768700434502534e+00
8.435253924147218640e+00
8.335324784475687920e+00
8.227510546346820774e+00
8.126074005208920426e+00
8.023878115797742794e+00
7.922600510444681277e+00
7.825229542522265547e+00
7.721363724679576990e+00
7.625294253978154302e+00
7.529035151099378709e+00
7.432507395185439236e+00
7.337718351463081490e+00
7.242983637374436512e+00
7.152046350105592865e+00
7.060637649701220653e+00
6.970174129950919450e+00
6.878747980286789243e+00
6.790332699648843118e+00
6.702272007042665791e+00
6.613747098561816529e+00
6.523963399587955792e+00
6.440585739613652549e+00
6.355346805396948184e+00
6.274457952266402572e+00
6.187946578093033168e+00
6.105478619107998384e+00
6.021926868867467419e+00
5.940026390804632683e+00
5.863208221987861180e+00
5.785040916937759903e+00
5.707071171482766658e+00
5.627197743080614600e+00
5.558582857216151751e+00
5.481868311074322264e+00
5.401275469510892435e+00
5.330618513615263510e+00
5.255113986465403286e+00
5.179456856524211616e+00
5.111695345260159229e+00
5.036269987980176666e+00
4.964617068272673350e+00
4.894145631833907828e+00
4.825687535987526644e+00
4.758416928577844374e+00
4.685181267132975336e+00
4.621797523312579870e+00
4.559848135465927044e+00
4.491683547791581077e+00
4.431362916468515323e+00
4.363511506498980452e+00
4.299645784619769984e+00
4.235142069524044928e+00
4.175339551575689256e+00
4.113307998726668302e+00
4.051992312562560983e+00
3.988700225784668874e+00
3.931263043657963863e+00
3.871827064472654456e+00
3.815223036071074603e+00
3.756583181224868895e+00
3.701901074791749124e+00
3.643304388609521993e+00
3.591614778070834291e+00
3.530461156935871259e+00
3.479193979415867943e+00
3.422462754702337406e+00
3.369624145426314499e+00
3.316580034235812491e+00
3.268566093128811190e+00
3.215570261701031995e+00
3.160638367102819757e+00
3.111222077715865453e+00
3.057363022020126664e+00
3.012193310253678646e+00
2.961616533334108681e+00
2.913305463072902057e+00
2.867675201117435790e+00
2.818090662718987005e+00
2.775817855897912523e+00
2.725775136595530057e+00
2.681229574866847543e+00
2.637191859612812550e+00
2.590980392766141449e+00
2.549762319936689892e+00
2.501184101657599967e+00
2.460276196498398349e+00
2.420946830949105788e+00
2.377231248997304647e+00
2.334254019583113404e+00
2.295662037995498395e+00
2.255195043294861534e+00
2.213139346392381412e+00
2.174606596920511947e+00
2.135289986765201320e+00
2.096106324770062201e+00
2.058048654119374987e+00
2.021373140675223112e+00
1.984500499769637827e+00
1.947695674048190995e+00
1.910257504272976803e+00
1.875083029499364784e+00
1.838639124803648883e+00
1.804161830658813415e+00
1.772730274257355632e+00
1.736563903688875143e+00
1.702823933901072451e+00
1.670516531948123884e+00
1.636892493194409326e+00
1.602670664556626434e+00
1.575025195191301464e+00
1.542068072807978751e+00
1.510370202853664523e+00
1.480622000829953322e+00
1.451981908757261408e+00
1.423763668557967321e+00
1.394206544124244829e+00
1.365879048611077451e+00
1.334743161050027993e+00
1.311635005860807723e+00
1.281234729023253749e+00
1.253120171103546454e+00
1.228667275524003344e+00
1.201562897123949369e+00
1.176303103665759409e+00
1.148324474138462392e+00
1.124597786649701447e+00
1.100074736403257702e+00
1.076501828898017266e+00
1.054398891142227512e+00
1.031597282641087077e+00
1.008294935519643332e+00
9.811461218569094145e-01
9.583851935262828192e-01
9.381753737943653304e-01
9.136590141692977340e-01
8.915996474088387913e-01
8.682755445920520287e-01
8.483300416573911207e-01
8.281126074321036867e-01
8.079752967501008243e-01
7.865102628038584953e-01
7.651815297790562909e-01
7.490217264503371553e-01
7.289331425658929220e-01
7.080668819799029734e-01
6.887996501004635119e-01
6.697319298682488098e-01
6.515779339392793190e-01
6.321626590233790921e-01
6.148913333772725309e-01
5.997555527469559111e-01
5.799288865728159381e-01
5.655265410964602779e-01
5.506509198394270443e-01
5.329151100982016942e-01
5.209454536925477441e-01
5.049813324126262160e-01
4.882903622919912423e-01
4.708083342270583116e-01
4.594615761616296923e-01
4.485144821401264026e-01
4.320912262814999294e-01
4.180515601674414938e-01
4.046528526009751103e-01
3.916038007819225286e-01
3.739053929552937361e-01
3.654211777575255837e-01
3.510978829413033964e-01
3.388978098801089245e-01
3.297072498394299500e-01
3.179013571948417494e-01
3.069112584225877627e-01
2.983798810496409715e-01
2.873413982069905059e-01
2.782559360562117945e-01
2.650343287905342904e-01
2.551256072861178281e-01
2.492932772402127461e-01
2.390201776411231271e-01
2.319856666135819701e-01
2.186667696660151150e-01
2.113091269579853992e-01
2.032590570915999428e-01
1.934999879490532648e-01
1.850383927139773454e-01
1.784469379122129440e-01
1.701872087078299955e-01
1.639772385337892047e-01
1.593844019771495091e-01
1.507200019382252953e-01
1.439999799176803208e-01
1.358034018339822069e-01
1.285350766861483307e-01
1.254804869995496674e-01
1.177978648670432171e-01
1.094499803930376047e-01
1.051745236686656565e-01
1.008277350856587734e-01
9.507426198479151935e-02
8.702346196150761992e-02
8.383908316091037705e-02
7.677755632767006844e-02
7.216242763388439063e-02
6.695342806187906670e-02
6.415715000457561379e-02
5.663619056986129996e-02
5.317649791504663187e-02
4.979764405970851099e-02
4.327984569772527768e-02
4.200731568062116006e-02
3.763617860022355766e-02
3.637035410520183393e-02
3.563974951839552624e-02
3.210772662714587306e-02
3.014068328911887265e-02
2.823133724723445037e-02
2.638956797136413068e-02
2.597880190842258644e-02
2.238012612315285269e-02
2.092910999726878274e-02
1.829625297477827442e-02
1.330324573427783298e-02
1.189669467294153515e-02
1.035734446350031548e-02
7.371002095169393829e-03
7.820047934274014165e-03
8.341692230715128803e-03
6.572297894763291619e-03
5.359789754947996698e-03
4.289960233563807832e-03
6.370742828039517580e-03
7.078741046370799934e-03
7.181096468684669727e-03
4.698502755672948929e-03
6.459417023961538766e-03
3.767834525206120635e-03
5.450934929740421965e-03
3.855571255371587503e-03
5.660220431764198708e-03
5.634291757814879897e-03
6.975485018756494640e-03
9.605181688130005196e-03
9.896260316963941678e-03
1.092464840212413295e-02
1.466935426014971330e-02
1.633627200362749651e-02
1.586943287111355558e-02
2.256690812782836952e-02
2.006479389365262850e-02
2.464447141801427016e-02
2.878937776222299794e-02
2.886938144320088870e-02
2.821820004555779596e-02
3.174466349628341649e-02
3.568327816492457977e-02
3.605015900120638744e-02
4.335108658278837013e-02
4.394675984804049390e-02
4.743003973408125434e-02
5.378645721339131436e-02
5.523061749818219957e-02
5.769628218513387502e-02
6.330460176786804893e-02
6.591352621808259371e-02
6.752703819984159916e-02
7.165337769720275807e-02
7.593999408436497012e-02
8.190312521628581588e-02
8.556873571069448237e-02
9.187350576530664559e-02
9.614204704394067880e-02
9.971424215882508657e-02
1.026481758362933205e-01
1.105485771322492483e-01
1.140000728414634623e-01
1.194024434753373498e-01
1.212371035903743594e-01
1.290121414176610970e-01
1.346764893664839646e-01
1.400257224595407302e-01
1.420955676017002234e-01
1.486181032259992485e-01
1.522617643099692941e-01
1.561890838984253960e-01
1.586201778909526183e-01
1.647118762416539262e-01
1.686206587855849925e-01
1.748061450448404330e-01
1.818685348380312816e-01
1.874945122967801581e-01
1.926991147192893550e-01
2.011003291422639727e-01
2.084645568565975382e-01
2.123872421839223534e-01
2.189841644044464020e-01
2.255580196278970662e-01
2.307478102961795785e-01
2.366804834546201441e-01
2.417942931019752273e-01
2.485511494860474513e-01
2.542526758320490798e-01
2.589394927053945139e-01
2.641864591291778197e-01
2.703665213657586719e-01
2.777508954495715443e-01
2.850077155940198836e-01
2.908482250704764738e-01
2.973970314419602246e-01
3.028252555905055488e-01
3.087715782125996511e-01
3.161310226541900747e-01
3.238841557745218425e-01
3.315401482250308618e-01
3.362793277788114210e-01
3.444214259097861941e-01
3.512922761765367441e-01
3.590142658699733702e-01
3.651622310053425635e-01
3.731273331436568697e-01
3.813434900457651211e-01
3.868097866611605595e-01
3.938889700630169854e-01
4.008711767078238508e-01
4.090613161824876998e-01
4.172212808057337852e-01
4.222979567589391081e-01
4.300538912975753747e-01
4.351070383177103040e-01
4.426066877849735293e-01
4.502140279441845805e-01
4.576699723056663616e-01
4.639198166801178913e-01
4.716818755960048848e-01
4.791575937983907352e-01
4.845082126994383898e-01
4.918301956213326775e-01
4.997753749071308094e-01
5.063531640371367049e-01
5.118252274019140513e-01
5.232159872894043273e-01
5.301113201644511719e-01
5.359609938550420338e-01
5.444381296942992776e-01
5.514982694121499662e-01
5.602123039120670001e-01
5.689964781777234748e-01
5.750994418058326119e-01
5.830344883020188718e-01
5.885311236816050950e-01
5.951350792506672205e-01
6.038322307349518470e-01
6.092670859002282668e-01
6.160373086258914554e-01
6.262668955273511529e-01
6.322028618424154756e-01
6.425731455078675936e-01
6.497812835582408297e-01
6.578997931510457420e-01
6.640666529588087341e-01
6.725838878228387330e-01
6.794810535407121987e-01
6.884326423523816629e-01
6.953889954825172026e-01
7.043322247427568072e-01
7.086494779173335701e-01
7.151693909372625058e-01
7.234669975860016367e-01
7.298925266509286303e-01
7.385939696696368628e-01
7.461299630690518825e-01
7.552426930378715042e-01
7.599853892656938115e-01
7.664177281612865045e-01
7.735943204538671125e-01
7.816164046325866366e-01
7.881354831874887168e-01
7.950455831132785534e-01
8.029194156392804871e-01
8.100295636540977284e-01
8.192778494858429239e-01
8.259458949492000102e-01
8.325759871549962554e-01
8.387661374777053425e-01
8.473432899108955807e-01
8.555165165676044126e-01
8.614469992553496214e-01
8.671855698880790442e-01
8.756060813147996669e-01
8.853358981709790188e-01
8.938766619680791337e-01
9.013724967380767339e-01
9.042725302738290338e-01
9.118842960779147688e-01
9.196452374067122237e-01
9.256704765784887767e-01
9.317980122218613159e-01
9.406929319175105775e-01
9.471264182025151968e-01
9.557673327044539091e-01
9.634322360493570159e-01
9.695813336725223053e-01
9.745318712966765107e-01
9.849086667695701180e-01
9.886274744094408762e-01
9.962196004830730089e-01
1.000528166280673759e+00
1.009115600515087863e+00
1.013978251090520644e+00
1.023692257814673212e+00
1.029528058524192602e+00
1.036270341572162579e+00
1.043240627288014366e+00
1.049344216765348392e+00
1.054648880485274276e+00
1.062975544398796046e+00
1.070806014545723883e+00
1.077516632626611681e+00
1.083513350975863432e+00
1.090990380480434396e+00
1.095539987461506826e+00
1.103386744577164791e+00
1.108781828543214942e+00
1.114457084142031817e+00
1.119154957676983031e+00
1.126037103024373209e+00
1.130500819712324301e+00
1.138414497943358583e+00
1.142899627599945234e+00
1.149860614991212060e+00
1.155369588532266789e+00
1.162578114013285813e+00
1.169415898603347159e+00
1.175787425860107760e+00
1.181868320868943556e+00
1.189378863085039484e+00
1.194621880701106420e+00
1.200923059575870866e+00
1.207019168670285580e+00
1.213214236376188637e+00
1.219793947755988484e+00
1.226154075624435791e+00
1.234620467726017523e+00
1.239164322858869127e+00
1.246487736292692716e+00
1.252706884275085031e+00
1.258958725405136647e+00
1.264172909274293488e+00
1.272705492334353039e+00
1.278363701004764152e+00
1.284162531933361606e+00
1.288928056740132888e+00
1.296016240442895651e+00
1.306728252438006166e+00
1.311887406318874127e+00
1.317867986710552941e+00
1.324851743076123967e+00
1.329304522311758774e+00
1.336463620641097805e+00
1.341926966826576972e+00
1.347706798774652270e+00
1.355064350768770964e+00
1.361823874460696970e+00
1.366709860254104569e+00
1.373616413703530270e+00
1.379075334244134865e+00
1.384242937083399738e+00
1.391163005886028259e+00
1.396815656423314067e+00
1.404156504215734458e+00
1.411205274347594241e+00
1.415912729329193098e+00
1.422926690348504053e+00
1.429017435024434235e+00
1.433726111901250988e+00
1.439647951915503654e+00
1.442000472085510410e+00
1.448532320935555617e+00
1.457056544444185420e+00
1.463600820862666296e+00
1.469398906733204058e+00
1.473798488823376829e+00
1.479427670031782327e+00
1.483804691763452865e+00
1.490399796042765956e+00
1.495305034136890754e+00
1.499205844559583056e+00
1.504107074241346709e+00
1.510338918013076182e+00
1.515996322020782827e+00
1.521740242170380952e+00
1.525990499724230176e+00
1.532417504004115472e+00
1.537578729146389378e+00
1.541031357343399577e+00
1.547384571073052939e+00
1.551551650345118105e+00
1.558885420085971418e+00
1.562554487649777002e+00
1.567387812739980291e+00
1.573442049571440293e+00
1.578838146816451626e+00
1.581895998550407967e+00
1.585763549581315601e+00
1.590832894163213496e+00
1.595238332409735449e+00
1.598174709877639543e+00
1.602639946484032407e+00
1.608842822398401040e+00
1.612321006087313435e+00
1.617767424553676392e+00
1.622104943307476788e+00
1.626825988148084434e+00
1.632792993581915653e+00
1.636271311380824045e+00
1.640585241596454580e+00
1.643190276844052278e+00
1.646963294908346143e+00
1.651421229945754021e+00
1.654605950166114781e+00
1.658910596958321548e+00
1.660170489483789424e+00
1.662252821799029334e+00
1.664947025595211016e+00
1.667986325383481017e+00
1.672396934332482488e+00
1.673848783616449509e+00
1.675656129903018154e+00
1.679436598547908943e+00
1.683716121982342884e+00
1.684383514536420989e+00
1.687463330581977061e+00
1.689686896103012259e+00
1.690953985889336764e+00
1.692470670125658216e+00
1.694754779064169270e+00
1.697820170785689697e+00
1.700895650593338360e+00
1.702993837744088523e+00
1.705402177663927432e+00
1.706266995702662825e+00
1.709362308955860499e+00
1.709558616199956305e+00
1.711471313696165453e+00
1.712453612489753141e+00
1.713318296417583042e+00
1.714029245065830764e+00
1.717487625111516536e+00
1.718576213887899939e+00
1.721444150322440692e+00
1.725921710189140867e+00
1.724765304921220377e+00
1.725828457415445882e+00
1.727083626272815309e+00
1.728114055817059125e+00
1.728538529641355126e+00
1.731404275604745635e+00
1.730577260505015147e+00
1.734222098780719534e+00
1.732855229512097139e+00
1.732721848564779066e+00
1.732997266073653009e+00
1.734538164696914464e+00
1.734350752139107499e+00
1.736151616420556820e+00
1.733648026971422951e+00
1.736262688368697127e+00
1.735372686060600245e+00
1.733363517139878240e+00
1.736154146350145311e+00
1.736047602394137357e+00
1.735276913683719613e+00
1.736648177487950306e+00
1.737958182618513092e+00
1.736441213953185070e+00
1.735437038948020927e+00
1.735406714431064756e+00
1.733531953984311258e+00
1.734114752646291890e+00
1.734327227650283021e+00
1.731958940744789288e+00
1.731636449160760094e+00
1.730157374147893279e+00
1.730051262326014694e+00
1.728778553494521475e+00
1.728282269667943183e+00
1.726188909186021192e+00
1.727660666421343194e+00
1.723880062359057774e+00
1.722674989898678177e+00
1.722790339134007809e+00
1.718530513727728248e+00
1.719299308683730487e+00
1.715490466920527979e+00
1.715032359868928324e+00
1.714616125079373887e+00
1.713224460278979677e+00
1.710048575139808236e+00
1.706715333738884510e+00
1.705680849771852081e+00
1.704188184900431224e+00
1.702229262695254874e+00
1.698239058899162046e+00
1.695115149011144240e+00
1.693299501470391988e+00
1.690263717049674597e+00
1.688251806314838177e+00
1.685337540863201866e+00
1.679835524857480777e+00
1.676665615084402816e+00
1.673831145350959559e+00
1.670549759990990424e+00
1.665141755411241320e+00
1.661715620170980401e+00
1.656637348486583505e+00
1.651832960144020035e+00
1.648778102236974519e+00
1.644338732739015541e+00
1.639818256221133197e+00
1.635304067993274657e+00
1.629164878334904643e+00
1.622592482118307089e+00
1.618088098854514101e+00
1.612942160996681196e+00
1.610048280333103321e+00
1.605698317803216923e+00
1.600721791246542125e+00
1.595567121308704372e+00
1.592007277949051058e+00
1.588063550875176588e+00
1.583452013361238642e+00
1.576217096616801427e+00
1.571972544900745561e+00
1.565037752443458885e+00
1.561105678078092751e+00
1.557097786603662826e+00
1.551433333040222351e+00
1.545077122869770392e+00
1.539265386228635180e+00
1.531349173493254057e+00
1.527265643725058908e+00
1.519878809642250417e+00
1.512916911973206879e+00
1.508317697719576245e+00
1.503044176119146869e+00
1.495887803395817173e+00
1.489217670462494425e+00
1.483929679835455318e+00
1.476266906049204408e+00
1.466952323643909040e+00
1.459389238626499719e+00
1.453405557486348698e+00
1.447810886060324265e+00
1.439265918828368740e+00
1.433147441784058174e+00
1.425810377579182386e+00
1.420129339023333159e+00
1.412330428228415258e+00
1.404863753724384878e+00
1.397496097435578122e+00
1.389081709079164284e+00
1.380008853310755512e+00
1.372187888797725464e+00
1.366559719561337261e+00
1.360622947276169725e+00
1.351041887405699526e+00
1.342075753753306344e+00
1.333310100324524683e+00
1.326131167242238007e+00
1.315426112782461132e+00
1.307519183470503776e+00
1.298946112648536655e+00
1.290621354776703811e+00
1.281705795665857295e+00
1.271553604088694556e+00
1.263730464005675458e+00
1.253330808845021238e+00
1.244493763952050358e+00
1.235787193627402303e+00
1.225013176593165554e+00
1.216927522753849189e+00
1.207414069451260730e+00
1.195674397567472624e+00
1.184687651556487253e+00
1.175667083962707693e+00
1.165134972379746614e+00
1.155845766651509621e+00
1.146802638700137322e+00
1.136260707251494750e+00
1.126036394054608536e+00
1.115887510534776084e+00
1.105377646385477419e+00
1.096325324417193769e+00
1.086979881707065942e+00
1.077325552826550847e+00
1.068638860650025890e+00
1.057834177026961697e+00
1.047122908782512241e+00
1.036568683876794239e+00
1.026354160741902888e+00
1.014719512242209021e+00
1.003518249114677019e+00
9.937893399223867164e-01
9.844078662044921657e-01
9.748281176357522781e-01
9.651553709200015874e-01
9.549645853348920355e-01
9.437109148238960188e-01
9.321058153263948043e-01
9.237907432097925975e-01
9.121491358673665673e-01
9.019254187164733594e-01
8.902900102575586061e-01
8.800067182642122843e-01
8.700625916007993510e-01
8.600076002981040801e-01
8.463712937164018513e-01
8.358246982043056050e-01
8.247532539935490403e-01
8.156002448786239256e-01
8.035351912394617102e-01
7.924022201332263649e-01
7.814772841388730740e-01
7.702531328277473222e-01
7.601221754052858159e-01
7.505355574012355646e-01
7.379881382721578120e-01
7.260370040103225620e-01
7.170580255569802830e-01
7.072573821751575451e-01
6.964502845630704542e-01
6.849433986194527479e-01
6.735299131541978568e-01
6.635900482228862529e-01
6.523734219981633942e-01
6.426246048545181111e-01
6.312617833373224130e-01
6.218516695871586508e-01
6.126928490202772082e-01
6.023193751989310840e-01
5.937689243401109707e-01
5.813620231610912015e-01
5.717734233026021684e-01
5.614151486661285162e-01
5.511527331996148860e-01
5.417315478871387313e-01
5.312306542368787632e-01
5.209189308279746911e-01
5.110754615079713403e-01
5.013278215565151186e-01
4.911829613502049496e-01
4.816261605701583903e-01
4.711432824233269812e-01
4.621636781216694190e-01
4.511147942685057033e-01
4.415578593775535965e-01
4.335307223982454161e-01
4.231968260610300958e-01
4.151912212601018837e-01
4.047497832425506203e-01
3.945454525028253556e-01
3.861951987437350353e-01
3.782126758410413458e-01
3.680870083308036556e-01
3.563509276268633230e-01
3.496060653706081767e-01
3.392017759483678119e-01
3.311745048586089424e-01
3.206503206929482985e-01
3.118435549604328672e-01
3.036737542634000975e-01
2.978267912776573212e-01
2.881036339331331519e-01
2.788461974810160782e-01
2.728275731178654850e-01
2.642721750730742669e-01
2.566928626911248457e-01
2.492944504060687350e-01
2.414447117507734497e-01
2.333808434086676598e-01
2.249788081153383801e-01
2.184202848793574958e-01
2.095996312646093152e-01
2.013453707859299002e-01
1.958755561895486608e-01
1.907080563514682858e-01
1.849356736770460252e-01
1.771925826324149411e-01
1.703613979489091990e-01
1.631002104577418677e-01
1.567624330236867536e-01
1.483841650824616054e-01
1.424603866098549942e-01
1.360726008792880193e-01
1.325226369899609735e-01
1.244156595889762129e-01
1.183289369191698193e-01
1.119784189927485740e-01
1.065409697184804966e-01
1.021224320438704619e-01
9.702398418721719375e-02
9.135446422806124678e-02
8.671801197306198972e-02
8.186178249070506785e-02
7.599807059932571496e-02
7.089475006250726963e-02
6.616392875321251699e-02
6.234355349170074556e-02
5.898888422098029494e-02
5.688098020618778672e-02
5.274015547274758797e-02
4.969949837231984330e-02
4.242022087055379032e-02
3.912542446596495305e-02
3.605717041409666618e-02
3.150161656276390804e-02
2.940962698812658871e-02
2.737563273285557527e-02
2.285512641265088907e-02
2.262476870782850757e-02
1.907121363910843290e-02
1.749331412520401322e-02
1.432803861371213794e-02
1.215832458183281964e-02
9.118889376168257815e-03
8.488092767038369485e-03
6.510424901080064629e-03
5.091610184535911611e-03
2.765329652447650124e-03
2.002285237722426729e-03
1.444370207536827943e-03
-0.000000000000000000e+00
6.808184998589857182e-04
1.649527434892609145e-03
2.070022648695189066e-03
2.448928722060335524e-03
3.506225059936683187e-03
3.770958436234652603e-03
4.593740299242201133e-03
8.091071980288726956e-03
8.608409841144736355e-03
1.065594794454227494e-02
1.379639681545091409e-02
1.504168620249405654e-02
1.762650057480646959e-02
1.920083740333214037e-02
2.097581836778776923e-02
2.675277439175257829e-02
2.823596081771024072e-02
2.998641447084081715e-02
3.160542498062574035e-02
3.666629080271374685e-02
4.078514991670085382e-02
4.466298274928705986e-02
4.942399250376178221e-02
5.522875409451439427e-02
5.914920424766024337e-02
6.334139197633707752e-02
6.880172812725500464e-02
7.442064243559803893e-02
7.814921033605054523e-02
8.376882499851494301e-02
9.014655113878689008e-02
9.695387775536805364e-02
1.047402553667779734e-01
1.116017179019764133e-01
1.196184972673109415e-01
1.255846384337929167e-01
1.329953577710511758e-01
1.400496264313914607e-01
1.486415757176473840e-01
1.555253452916076085e-01
1.631456792629250585e-01
1.712586307230594962e-01
1.818357872089108596e-01
1.919173608766869266e-01
2.016157809857758998e-01
2.104663995291957412e-01
2.188376775193319745e-01
2.290335430930099392e-01
2.420395888539133566e-01
2.525707752574817833e-01
2.639064008490095148e-01
2.743379431876746821e-01
2.858326684772692361e-01
2.990262155490199802e-01
3.093315897563115868e-01
3.221498808861724128e-01
3.345808610342828060e-01
3.476630070254032590e-01
3.605168970293561870e-01
3.744973893253700781e-01
3.877020526633714881e-01
4.002781999242870370e-01
4.147315358668492991e-01
4.299532352861206164e-01
4.457400463415979730e-01
4.612323210453723177e-01
4.757015416262219687e-01
4.930060359497474565e-01
5.102380659263872076e-01
5.265815396610378230e-01
5.423322154010747909e-01
5.606149858576827683e-01
5.753622025022195885e-01
5.932441615250354516e-01
6.116638587527631898e-01
6.315853546093420645e-01
6.506565157028489921e-01
6.698338922733455547e-01
6.879846831457144818e-01
7.088279499330383260e-01
7.279307163889825461e-01
7.468429565988117247e-01
7.683531844595563598e-01
7.881374257212883094e-01
8.108780871652925271e-01
8.322763178989589505e-01
8.524531451530492632e-01
8.766490241973771136e-01
9.003449245801676826e-01
9.246351428760135605e-01
9.474091829215467442e-01
9.715385282806890954e-01
9.970483470160615980e-01
1.020803524217626546e+00
1.046155941987308324e+00
1.073267859067527752e+00
1.099050354151131614e+00
1.125750179618989932e+00
1.151755566271731368e+00
1.178913021301013941e+00
1.206919693506733893e+00
1.235451110103895189e+00
1.263765550892458123e+00
1.291617742760536203e+00
1.319655975625209976e+00
1.348970939981882111e+00
1.379393567253828223e+00
1.409595925561461627e+00
1.438369754248924437e+00
1.468772816296677775e+00
1.499516936121835897e+00
1.531311274886320462e+00
1.563428670826397138e+00
1.596080690626877185e+00
1.629989057130842411e+00
1.662145166286791209e+00
1.696384115051387198e+00
1.730155346168430697e+00
1.764853280500119581e+00
1.800326939481237787e+00
1.835754941304458043e+00
1.872453207514809037e+00
1.906895646536213462e+00
1.942369692947977455e+00
1.978762425748755049e+00
2.016612313301266113e+00
2.054989359232422430e+00
2.092976218258172594e+00
2.131587212420527067e+00
2.170622993985034554e+00
2.209977600794445607e+00
2.249825152916855586e+00
2.291183980808455090e+00
2.331224115538134356e+00
2.373135612597252475e+00
2.414912432960591104e+00
2.457120671743723506e+00
2.499052210863737855e+00
2.542570827959480084e+00
2.586957318485474389e+00
2.632115674260148808e+00
2.677700948303026962e+00
2.721097837812521902e+00
2.767363632986416633e+00
2.813663268696473096e+00
2.860406422569212737e+00
2.908603378430598241e+00
2.955238513785388932e+00
3.004933274765789974e+00
3.052783614717100136e+00
3.102004429364569660e+00
3.152626653518836974e+00
3.202122409491494182e+00
3.253237340540181322e+00
3.303627955946467409e+00
3.355188342307883431e+00
3.407051147736638086e+00
3.459818692067528900e+00
3.512312233846841991e+00
3.564434289677592460e+00
3.619403197453266330e+00
3.673864854800740432e+00
3.729845909048890462e+00
3.785464790575133520e+00
3.839729827100200055e+00
3.897378261682206357e+00
3.957061554132451420e+00
4.014771977545024129e+00
4.073005357208785426e+00
4.134013675814003363e+00
4.192887313671235461e+00
4.253136015782274626e+00
4.314150950503062631e+00
4.376691719426162308e+00
4.439776634053487214e+00
4.502277721184327675e+00
4.564027223547782341e+00
4.627057123087070067e+00
4.691419484460766398e+00
4.755836667206494894e+00
4.821492896406653017e+00
4.886491403252875898e+00
4.952883660409042932e+00
5.020016132747514348e+00
5.086590750313916942e+00
5.154136029521396267e+00
5.222371053677306918e+00
5.291491922064778919e+00
5.361095021829896723e+00
5.431605915236559667e+00
5.502674290885806840e+00
5.574614056639347837e+00
5.646346457833715249e+00
5.719381786760095565e+00
5.791877261518493469e+00
5.866926303566287970e+00
5.941858848336778465e+00
6.016475250070470793e+00
6.091367844827800582e+00
6.166727158853973378e+00
6.242893847596405976e+00
6.320512684299501416e+00
6.398103864447421074e+00
6.478575707275012974e+00
6.556310489912902995e+00
6.635442584239171993e+00
6.717862381363374880e+00
6.798919094768280047e+00
6.881577966122677026e+00
6.961367082447850407e+00
7.045274537000295823e+00
7.128996561502844997e+00
7.212811271228019905e+00
7.298056075195290759e+00
7.383025297087442596e+00
7.468001462920256017e+00
7.556021459148723807e+00
7.643567717659607297e+00
7.730725070765402052e+00
7.820054446928224934e+00
7.909547571951861755e+00
7.999958846923618694e+00
8.090242508350911521e+00
8.181827145458555606e+00
8.272496910873087472e+00
8.363889024978561793e+00
8.458458975620487763e+00
8.551933795223703783e+00
8.647348999333189568e+00
8.742494864955006051e+00
8.838520688847893325e+00
8.934830603379396052e+00
9.031487178524912451e+00
9.129580747150157549e+00
9.229906971658238035e+00
9.330018455531899235e+00
9.431300768344954122e+00
9.534540289075266628e+00
9.637666695091866131e+00
9.741212479388195788e+00
9.845872214891187468e+00
9.950567951599623484e+00
1.005733129892951183e+01
1.016240673212632828e+01
1.026831414185608082e+01
1.037671679573122674e+01
1.048641635726926324e+01
1.059525148754619295e+01
1.070515358566717623e+01
1.081437699550133402e+01
1.092629043745910167e+01
1.103759433251752853e+01
1.115122376239651203e+01
1.126503535897109032e+01
1.138004538143468380e+01
1.149465024132496183e+01
1.161193374885351659e+01
1.172850989825928991e+01
1.184506642283668043e+01
1.196324456628008193e+01
1.208163880636402610e+01
1.220192774399401969e+01
1.232307816245656795e+01
1.244545779260715790e+01
1.256700972285807438e+01
1.269117489954987832e+01
1.281538229123088968e+01
1.293850902090071031e+01
1.306301780346802843e+01
1.319044077632861445e+01
1.331765668265234126e+01
1.344523856149544372e+01
1.357426588277667179e+01
1.370417970393964424e+01
1.383450056522178784e+01
1.396666352295187608e+01
1.409954014199502126e+01
1.423266111027896841e+01
1.436545097476209776e+01
1.450120499313015898e+01
1.463816667610808508e+01
1.477582083094694099e+01
1.491251329464512310e+01
1.505055622077998123e+01
1.519111678750550709e+01
1.533281098987117730e+01
1.547610939164587762e+01
1.561864342345688783e+01
1.576021841653255251e+01
1.590468681278161966e+01
1.604935217257843760e+01
1.619593632510077441e+01
1.634076561257188587e+01
1.648876029411121635e+01
1.663841173145556240e+01
1.678788320747617036e+01
1.693899898193103581e+01
1.709023469583189581e+01
1.724130093882740766e+01
1.739489994709128950e+01
1.754891702233453543e+01
1.770380790166927909e+01
1.785952898429923152e+01
1.801526554923566437e+01
1.817287893032562351e+01
1.832993485897532082e+01
1.848908466899365521e+01
1.864900021988341905e+01
1.880913884115580004e+01
1.897274782366184809e+01
1.913654554427466792e+01
1.929971127683938903e+01
1.946529464830200595e+01
1.963067812068720741e+01
1.979891270674943371e+01
1.996602480324008866e+01
2.013451124872881337e+01
2.030450826963124200e+01
2.047556686415828153e+01
2.064796805330843199e+01
2.082021811488266394e+01
2.099422907647658576e+01
2.116901853433637370e+01
2.134522322998054733e+01
2.152120583871828785e+01
2.169920199666466942e+01
2.187798313288158170e+01
2.205803170226499788e+01
2.223818444566632024e+01
2.241999533068064920e+01
2.260298713271913584e+01
2.278708074151836627e+01
2.297050706141726550e+01
2.315649313258882103e+01
2.334362690609668789e+01
2.353235175109102784e+01
2.372178611487561284e+01
2.391231929028663217e+01
2.410255080659044324e+01
2.429476779831475142e+01
2.448877608842940390e+01
2.468423971535230521e+01
2.487896838720325832e+01
2.507770998646719818e+01
2.527604536517583256e+01
2.547489627935829049e+01
2.567296519550245648e+01
2.587504075076958543e+01
2.607782372376323110e+01
2.628088931218007929e+01
2.648592399964127253e+01
2.669128313008604891e+01
2.689796326337091159e+01
2.710572665147037696e+01
2.731388706610869122e+01
2.752448234538724137e+01
2.773548813675552083e+01
2.794677183478006555e+01
2.816037854932892515e+01
2.837571436482039644e+01
2.859087766956872656e+01
2.880689870005608100e+01
2.902446611344839766e+01
2.924421918446023483e+01
2.946501281845985432e+01
2.968536958021559258e+01
2.990842820561783810e+01
3.013219126851436158e+01
3.035715312982893010e+01
3.058463216979816934e+01
3.081250549449214304e+01
3.104163471885476611e+01
3.127167492570606555e+01
3.150192079838461723e+01
3.173367352118657436e+01
3.196616520747329560e+01
3.220034634271269169e+01
3.243553402158840981e+01
3.267199358907782880e+01
3.291018397114339678e+01
3.314908594326061575e+01
3.338992283115840110e+01
3.363155883852959960e+01
3.387462294338638458e+01
3.411983525924597416e+01
3.436504753040208016e+01
3.461176206212394391e+01
3.486111751174303208e+01
3.511025434642624532e+01
3.536145168387702142e+01
3.561404333788186705e+01
3.586728828859577334e+01
3.612247222310725192e+01
3.637910264313859443e+01
3.663606009895465832e+01
3.689501866150976639e+01
3.715668503327469807e+01
3.741703466393073541e+01
3.767947199197351438e+01
3.794299585308590395e+01
3.820757058878916723e+01
3.847358960463952826e+01
3.874074756094432814e+01
3.900931656780630874e+01
3.928016543743024158e+01
3.955140784672130394e+01
3.982499826178400326e+01
4.009965019086666871e+01
4.037646010611342717e+01
4.065325364498403360e+01
4.093306355140930464e+01
4.121236084298834612e+01
4.149259941111722583e+01
4.177532477443401149e+01
4.205865660010931606e+01
4.234429344170666809e+01
4.263122257160739537e+01
4.291936899226720925e+01
4.321001193857227918e+01
4.350195322305216905e+01
4.379479306245320913e+01
4.408870381850692866e+01
4.438200486374807952e+01
4.467906724519616546e+01
4.497709934951171817e+01
4.527653605218256416e+01
4.557752542604748669e+01
4.588119484825892869e+01
4.618498510398649159e+01
4.648994697841408197e+01
4.679582926776629392e+01
4.710505169710359041e+01
4.741436877861633548e+01
4.772483880767504161e+01
4.803697210434529552e+01
4.835143546578956375e+01
4.866693491987280140e+01
4.898306747959168206e+01
4.930106903235446225e+01
4.962000384484281312e+01
4.994037030129402410e+01
5.026360143147894632e+01
5.058884576814580214e+01
5.091416589211803512e+01
5.124080700403101218e+01
5.156934998094857292e+01
5.190097720021049099e+01
5.223334743607301789e+01
5.256598417920349675e+01
5.290135693944193918e+01
5.323767471642213422e+01
5.357537678147491533e+01
5.391520217259085257e+01
5.425715717805996974e+01
5.460079820521423244e+01
5.494476781787443542e+01
5.528977826174286747e+01
5.563724242022044564e+01
5.598643682703004743e+01
5.633691668251003648e+01
5.668926287862723257e+01
5.704267093149110224e+01
5.739967827043437865e+01
5.775619607642966002e+01
5.811536904583317664e+01
5.847611817065990181e+01
5.883773804484144421e+01
5.920148336105103226e+01
5.956831807540629597e+01
5.993650523405267450e+01
6.030586720024757597e+01
6.067632027416857454e+01
6.104659445964944098e+01
6.142016524392238352e+01
6.179612884175821819e+01
6.217376268095085834e+01
6.255249780536178150e+01
6.293299107307893792e+01
6.331550216663799802e+01
6.369931492133082429e+01
6.408490525044362585e+01
6.447070547731300394e+01
6.485904195632338087e+01
6.525091814657071154e+01
6.564319563999015372e+01
6.603680938013803825e+01
6.643283664646378384e+01
6.683022938069552765e+01
6.722936981251905308e+01
6.763054140672375070e+01
6.803165986338763105e+01
6.843607801828511583e+01
6.884256060985671866e+01
6.925076200566854823e+01
6.966172807352086238e+01
7.007359116147563327e+01
7.048769866232851200e+01
7.090113675831753426e+01
7.131932158940253430e+01
7.173641786086000138e+01
7.215803337138549978e+01
7.258017553365107233e+01
7.300410284012650663e+01
7.343018631482436831e+01
7.385725241679483588e+01
7.428666218829857826e+01
7.471811912603152450e+01
7.515160381377882004e+01
7.558651466186211110e+01
7.602425273706103326e+01
7.646380659325723173e+01
7.690488033809288027e+01
7.734870613368593695e+01
7.779341905500950816e+01
7.824024959525149825e+01
7.868969525948068622e+01
7.914088447877838917e+01
7.959296176258021660e+01
8.004634276387605496e+01
8.050162987700832673e+01
8.096124240980498143e+01
8.142044764916272470e+01
8.188244004641364882e+01
8.234584940998365710e+01
8.281231285594731162e+01
8.327880337732040061e+01
8.374806341361272644e+01
8.421987661486309662e+01
8.469336674809119359e+01
8.516900555425763741e+01
8.564656050074199811e+01
8.612562176090796129e+01
8.660751556790410177e+01
8.709121769041576044e+01
8.757763183916586058e+01
8.806507465977665561e+01
8.855495848430564365e+01
8.904626310475305218e+01
8.954072484912285290e+01
9.003625764425623856e+01
9.053516848792878591e+01
9.103479260548419916e+01
9.153658798613832914e+01
9.203994287761952364e+01
9.254655374732737982e+01
9.305312545678361857e+01
9.356316071764194930e+01
9.407622230003016739e+01
9.459032788757440358e+01
9.510737486003017693e+01
9.562573902062968045e+01
9.614701695428902894e+01
9.666942484300170690e+01
9.719465575670255930e+01
9.772188575058453353e+01
9.825135433101149829e+01
9.878178242700960254e+01
9.931558113586834224e+01
9.985112064308032132e+01
1.003895730441840897e+02
1.009298544585162745e+02
1.014724532716350041e+02
1.020170629964568434e+02
1.025633619318127785e+02
1.031123525533221255e+02
1.036641296621723995e+02
1.042177907844370566e+02
1.047737375213109772e+02
1.053300793922771845e+02
1.058900955319650166e+02
1.064523548775582640e+02
1.070174139129212563e+02
1.075837938021136324e+02
1.081518358264302151e+02
1.087222491768357031e+02
1.092961178084988205e+02
1.098711924507420008e+02
1.104490201421203892e+02
1.110295578480800032e+02
1.116126817399722313e+02
1.121968494135026049e+02
1.127837892245556759e+02
1.133733776872086310e+02
1.139652062414238571e+02
1.145591055057020640e+02
1.151551570340984654e+02
1.157537664809242415e+02
1.163554119201335197e+02
1.169582655752956271e+02
1.175636299718098599e+02
1.181716858011582190e+02
1.187830099915981918e+02
1.193962167500399119e+02
1.200104696147009236e+02
1.206281555876917082e+02
1.212472322711555535e+02
1.218694034489622027e+02
1.224946164902103192e+02
1.231212962378531302e+02
1.237502028746303040e+02
1.243815462982965983e+02
1.250160173564886463e+02
1.256522825144884337e+02
1.262922693716068352e+02
1.269341528932254732e+02
1.275773892912689007e+02
1.282236054894174231e+02
1.288734549780951966e+02
1.295256658537873591e+02
1.301803323067333622e+02
1.308368526876497526e+02
1.314966164851139183e+02
1.321586773859830828e+02
1.328232158582204647e+02
1.334883665744678183e+02
1.341573582587279816e+02
1.348295971742331858e+02
1.355025289937339039e+02
1.361797513045767118e+02
1.368589052380448265e+02
1.375406316185735704e+02
1.382259198832675793e+02
1.389128704022950842e+02
1.396026245449988892e+02
1.402955676554074671e+02
1.409896354607594731e+02
1.416879917010937788e+02
1.423884907582100823e+02
1.430919696154314806e+02
1.437984129692649731e+02
1.445076989282133582e+02
1.452186846924205383e+02
1.459326182341378626e+02
1.466483560829583439e+02
1.473667614780511030e+02
1.480879729704129204e+02
1.488120928118119082e+02
1.495391572418720898e+02
1.502708017673426184e+02
1.510029670883968720e+02
1.517380569560500589e+02
1.524751104987258259e+02
1.532163862258212248e+02
1.539588752054610268e+02
1.547051598684847704e+02
1.554532558123551098e+02
1.562040964905127112e+02
1.569580100414282242e+02
1.577148808618931071e+02
1.584748187585637424e+02
1.592372967965793578e+02
1.600034860730975197e+02
1.607720678055516146e+02
1.615426590340985058e+02
1.623168068121944998e+02
1.630936627273258637e+02
1.638727791784126566e+02
1.646549290439825199e+02
1.654407738610866545e+02
1.662293573030019616e+02
1.670204829575222902e+02
1.678137613977023648e+02
1.686104906636919623e+02
1.694107238781321030e+02
1.702130839055071192e+02
1.710188103287132435e+02
1.718276744745307951e+02
1.726388968185142403e+02
1.734537010440208178e+02
1.742708955200910168e+02
1.750902064080855780e+02
1.759132555801907074e+02
1.767402808440388071e+02
1.775702200895630085e+02
1.784019946068033278e+02
1.792368854485876000e+02
1.800744840399770510e+02
1.809150244186093914e+02
1.817601757082534277e+02
1.826070982393239319e+02
1.834567991813055414e+02
1.843093178583640110e+02
1.851648466891920179e+02
1.860239995718297905e+02
1.868860153549630922e+02
1.877519214885574002e+02
1.886201262007716650e+02
1.894909159217263550e+02
1.903669178900527186e+02
1.912445733955332798e+02
1.921254425301403899e+02
1.930100779779422737e+02
1.938973735661397768e+02
1.947867611432584454e+02
1.956808588880235220e+02
1.965772273313359619e+02
1.974777132784106470e+02
1.983802813945412709e+02
1.992870790115616728e+02
2.001969868734522606e+02
2.011090606042212130e+02
2.020248465420690991e+02
2.029442198748693045e+02
2.038661488760239990e+02
2.047920574259906061e+02
2.057213592981865986e+02
2.066531082390738447e+02
2.075883598767136391e+02
2.085258034751650484e+02
2.094679645130295285e+02
2.104124620827715262e+02
2.113610373701753815e+02
2.123127960373485621e+02
2.132670957250338688e+02
2.142257645523909559e+02
2.151869595885063973e+02
2.161513472580122652e+02
2.171194923149178067e+02
2.180913839558811560e+02
2.190659831527345887e+02
2.200455595460430231e+02
2.210266304960168782e+02
2.220116850926215193e+02
2.229994446821169731e+02
2.239916686744072649e+02
2.249872667366266796e+02
2.259860057103060171e+02
2.269885439734503052e+02
2.279936027233070490e+02
2.290035097894756291e+02
2.300158606609811613e+02
2.310312394931447670e+02
2.320509159692082903e+02
2.330745296002796749e+02
2.341015010590149359e+02
2.351316089141582779e+02
2.361659067225095896e+02
2.372037950848598484e+02
2.382453593550603728e+02
2.392898228547874169e+02
2.403376159295762591e+02
2.413888623186694531e+02
2.424447830381163840e+02
2.435031271483094315e+02
2.445648647446441828e+02
2.456308059734533344e+02
2.467010572588296782e+02
2.477745420365804421e+02
2.488515644394055926e+02
2.499315756277360379e+02
2.510166149744927679e+02
2.521047756674847733e+02
2.531970038410408961e+02
2.542927019138933247e+02
2.553917978538297575e+02
2.564947029030963677e+02
2.576015594273872011e+02
2.587127229833095043e+02
2.598271311031689947e+02
2.609455742637646836e+02
2.620677265170966166e+02
2.631929505852040165e+02
2.643227160653073042e+02
2.654553005768875664e+02
2.665915173210141802e+02
2.677326250136752606e+02
2.688770228529256201e+02
2.700261752652827454e+02
2.711786646287764597e+02
2.723350122754322911e+02
2.734954621074566603e+02
2.746598415246994591e+02
2.758282925054245425e+02
2.770015589454010296e+02
2.781772411914325858e+02
2.793564931000346405e+02
2.805411263096825678e+02
2.817283027452149327e+02
2.829201044862807066e+02
2.841159249066076882e+02
2.853162958137377245e+02
2.865195860669618924e+02
2.877277771481899435e+02
2.889400655719091446e+02
2.901565765674777140e+02
2.913764438260882343e+02
2.926016002965679945e+02
2.938302191263569512e+02
2.950630959182535662e+02
2.962997986577925076e+02
2.975411322162944998e+02
2.987855827400903763e+02
3.000346176061275401e+02
3.012877806451583638e+02
3.025461621751474013e+02
3.038071345849339195e+02
3.050732322491135164e+02
3.063434764445173641e+02
3.076177425974378821e+02
3.088973073648603531e+02
3.101799869369083353e+02
3.114670756284431263e+02
3.127586105582572600e+02
3.140545766314744469e+02
3.153548867061040255e+02
3.166588827468676755e+02
3.179684553534925726e+02
3.192817941392027024e+02
3.205994808453306177e+02
3.219211112033731297e+02
3.232476574395923308e+02
3.245792120752980736e+02
3.259144826284718874e+02
3.272549838021491269e+02
3.285988303312178687e+02
3.299471807213558350e+02
3.313006518210327158e+02
3.326580126900253163e+02
3.340206974160869322e+02
3.353881799733262596e+02
3.367592063098195467e+02
3.381348165564204464e+02
3.395149408862876044e+02
3.409003226736494980e+02
3.422891297015280543e+02
3.436842844750635777e+02
3.450840210278402083e+02
3.464878043187650292e+02
3.478962125277930681e+02
3.493090161770419400e+02
3.507259663575150626e+02
3.521484563724875443e+02
3.535756526211998789e+02
3.550082300517483418e+02
3.564449211266583006e+02
3.578869358500210183e+02
3.593338935567726367e+02
3.607860592491633724e+02
3.622433111251025366e+02
3.637041608268073105e+02
3.651695994901133417e+02
3.666412699680422520e+02
3.681177226905342650e+02
3.695988492814440178e+02
3.710847339472334170e+02
3.725762342944326520e+02
3.740722480245431143e+02
3.755734735996943527e+02
3.770801075811032206e+02
3.785908148545290715e+02
3.801073462617086989e+02
3.816286709850141960e+02
3.831551440297098452e+02
3.846871278963440091e+02
3.862245212123170859e+02
3.877668120482362610e+02
3.893131418140947062e+02
3.908658386971192158e+02
3.924240689624407423e+02
3.939869449776888359e+02
3.955543239599369372e+02
3.971282817154451550e+02
3.987072875075286902e+02
4.002912061826555146e+02
4.018810791829814661e+02
4.034752631041419590e+02
4.050753696557317198e+02
4.066806020577605523e+02
4.082919458432270403e+02
4.099099026299213619e+02
4.115309557139989920e+02
4.131595668905515595e+02
4.147923661576669474e+02
4.164314674685779210e+02
4.180766356829608412e+02
4.197276674148665734e+02
4.213839221378811999e+02
4.230450569911863568e+02
4.247121760763216116e+02
4.263845571787069275e+02
4.280630853826137354e+02
4.297476884323114064e+02
4.314384643327371123e+02
4.331360857521094658e+02
4.348394765583693697e+02
4.365478103927216580e+02
4.382618265911801245e+02
4.399819152661448243e+02
4.417080369593404612e+02
4.434405234600230870e+02
4.451797088224238905e+02
4.469237097483842263e+02
4.486748407458653674e+02
4.504316658346665463e+02
4.521940202526484427e+02
4.539628932133969101e+02
4.557366674789864192e+02
4.575193822624783024e+02
4.593067329164264265e+02
4.611004700888533989e+02
4.629007593316596285e+02
4.647067959076348416e+02
4.665203553199376074e+02
4.683408180825936142e+02
4.701669458197006861e+02
4.719999538103611485e+02
4.738392244014435164e+02
4.756848173317030160e+02
4.775379761924477862e+02
4.793980088545436047e+02
4.812637266374604224e+02
4.831361917853751038e+02
4.850144316249907206e+02
4.869006861733637379e+02
4.887938011120422743e+02
4.906938184623008965e+02
4.926011535195020770e+02
4.945148225536872815e+02
4.964367567255449103e+02
4.983652055509655838e+02
5.003003166259518366e+02
5.022427965635670262e+02
5.041924908536707335e+02
5.061493682634290963e+02
5.081134650473672991e+02
5.100846592096786480e+02
5.120643595359447318e+02
5.140509012088323288e+02
5.160455779471562892e+02
5.180466690095249760e+02
5.200565194661821806e+02
5.220725261140692055e+02
5.240971922141561663e+02
5.261294661467941296e+02
5.281691104768806326e+02
5.302166746847346985e+02
5.322722590998746455e+02
5.343351986834763920e+02
5.364074512842080367e+02
5.384870083149471611e+02
5.405754200478017992e+02
5.426713096750818295e+02
5.447746415532096762e+02
5.468864360093957657e+02
5.490062778674869151e+02
5.511365633981158680e+02
5.532740188012671751e+02
5.554198931667779107e+02
5.575751344022150988e+02
5.597382363876122326e+02
5.619095885201131750e+02
5.640917918570098664e+02
5.662826208949763895e+02
5.684808796370130040e+02
5.706887091564658476e+02
5.729048320661927391e+02
5.751316827539967562e+02
5.773665274528452755e+02
5.796115065804333426e+02
5.818659568413727357e+02
5.841290717848191889e+02
5.864012201847108372e+02
5.886829048211270674e+02
5.909750560331658562e+02
5.932780571084954317e+02
5.955913684015631588e+02
5.979150808839581259e+02
6.002463264695807084e+02
6.025904661342924555e+02
6.049424972155538853e+02
6.073051385643348112e+02
6.096783998812920800e+02
6.120628944982199755e+02
6.144568464202216092e+02
6.168616660273028174e+02
6.192782686381910935e+02
6.217056207232471934e+02
6.241444946394581166e+02
6.265941350320617858e+02
6.290539366158905068e+02
6.315255137976491824e+02
6.340096226175528500e+02
6.365044275058630774e+02
6.390127481050039933e+02
6.415326839804815791e+02
6.440646910482237217e+02
6.466088978605480406e+02
6.491641738365524361e+02
6.517327585015550540e+02
6.543127750841058514e+02
6.569069495728313086e+02
6.595130171700434403e+02
6.621338589705565028e+02
6.647660655886888890e+02
6.674130991453312163e+02
6.700717895674511055e+02
6.727468718480295138e+02
6.754347686056939892e+02
6.781387954233159689e+02
6.808562135568749909e+02
6.835879846975121836e+02
6.863345863827398716e+02
6.890967222900940214e+02
6.918737924392198693e+02
6.946666603077051150e+02
6.974762820732612454e+02
7.003008347874324500e+02
7.031416397063794648e+02
7.059955626390660655e+02
7.088687806681500660e+02
7.117584485063084685e+02
7.146670041623265206e+02
7.175919853981301912e+02
7.205356284160618543e+02
7.234965300926422742e+02
7.264764253547890576e+02
7.294714716218455806e+02
7.324880015990013362e+02
7.355255802111898902e+02
7.385792856979154521e+02
7.416674831991414294e+02
7.444400719213812181e+02
inf
inf
inf
inf
inf
inf
inf
inf
inf
inf
inf
inf
inf
inf
inf
inf
inf
inf
inf
inf
inf
inf
inf
inf
inf
inf
inf
inf
inf
inf
inf
inf
inf
inf
inf
inf
inf
inf
inf
inf
inf
inf
inf
inf
inf
inf
