4.358449936386136869e+00
2.766413085596298060e+00
4.693775069382468246e+00
4.234181782634834690e+00
1.856788501537664615e+00
5.096890816849395378e+00
3.017001141237187767e+00
2.635619564346541210e+00
1.351609640178253358e+00
3.175205203118139252e+00
1.967452224679107076e+00
1.704053258848603036e+00
1.058961108642279214e+00
2.003748337112426725e+00
1.278541524258855588e+00
1.138165561768119005e+00
8.575345057028584961e-01
1.222982468349584906e+00
8.392489666819074046e-01
7.794502882888423301e-01
6.613273622970724519e-01
7.508597320349963411e-01
5.499520788274594452e-01
5.151100142134623638e-01
4.525457995121087706e-01
4.329963197941424924e-01
3.415777200744400388e-01
3.253821639157194467e-01
2.715377362159187569e-01
2.357430701691214936e-01
1.810823419579605520e-01
1.719245744287718203e-01
1.378127710214016866e-01
1.181463171880636903e-01
9.770787889681283034e-02
6.859109373323231396e-02
5.505447097556268737e-02
3.944801732347966161e-02
2.605529507945900797e-02
2.188885030608389570e-02
1.171066615950164258e-02
7.321881159896302498e-03
9.695243110115830606e-03
3.332799310442132942e-03
-0.000000000000000000e+00
3.277996545136830676e-03
2.060491571967260679e-03
5.539370671158412758e-03
1.264781500930216643e-02
1.724113705296298482e-02
2.307194092918509604e-02
2.736387208659606801e-02
4.105806342823831168e-02
5.188406436218433865e-02
6.453743939675864183e-02
7.146581810303585802e-02
7.659352558948742673e-02
1.056962328613053753e-01
1.127599141112227421e-01
1.298413182062176929e-01
1.436511425587240764e-01
1.474687399530125731e-01
1.694540118887175040e-01
1.801871189837811749e-01
1.987027747448451565e-01
2.138290421830220112e-01
2.365892788089922483e-01
2.428612315623581153e-01
2.658204284925318461e-01
2.778457791874870408e-01
2.975592200875781246e-01
3.112255909613281801e-01
3.307358098251143019e-01
3.474159256491021197e-01
3.647196997725927203e-01
3.767415635958287212e-01
4.032558497613081827e-01
4.156949460979717514e-01
4.318238828705603383e-01
4.496015735246601253e-01
4.743347536950182075e-01
4.865884497840511358e-01
5.049553174505946318e-01
5.147905997814062884e-01
5.301390286318224954e-01
5.533491611165574087e-01
5.625319812032786304e-01
5.791080124163840992e-01
5.910625378921849915e-01
6.064687236433882189e-01
6.222627568182018676e-01
6.344271502482000669e-01
6.451100106277181112e-01
6.536726592867695418e-01
6.577863427539226704e-01
6.674111014793879804e-01
6.750961164476053655e-01
6.837864382557087284e-01
6.904868738992037125e-01
6.965533247385451432e-01
7.009517693961129225e-01
7.057292101875418666e-01
7.082519264764073341e-01
7.054214602109709631e-01
7.074726143526389732e-01
7.040608239868220153e-01
7.025177733450505002e-01
6.966934700806746150e-01
6.951974177013653389e-01
6.882216421069530243e-01
6.779850007049504912e-01
6.780042772097657489e-01
6.748340942714889934e-01
6.632658255005594583e-01
6.534566239074593996e-01
6.393836189515126334e-01
6.298848234471847718e-01
6.150098379957854577e-01
5.966997772613354956e-01
5.848409209459646263e-01
5.667497731705565256e-01
5.460818569969775327e-01
5.255074903132596065e-01
5.052830177955343061e-01
4.832085214121661365e-01
4.570421363626450684e-01
4.302768289412029490e-01
4.046757939473764054e-01
3.823383367724204063e-01
3.545120815751374166e-01
3.285625829267929121e-01
3.080918240169125411e-01
2.783508292108649584e-01
2.513062889298112168e-01
2.279895572435748363e-01
2.051533880057264114e-01
1.784613793961966066e-01
1.585477152987095628e-01
1.331826401923877079e-01
1.102277236009854694e-01
9.187315309804945651e-02
7.736414016557095763e-02
5.843346096850151467e-02
4.162306799776161609e-02
3.205930343068534583e-02
2.750793186129388626e-02
1.887030426473757308e-02
1.661384562970627532e-02
1.320013301398152705e-02
1.337140136291732270e-02
1.804411679353281478e-02
2.633408910384109694e-02
3.727232558384228206e-02
4.701829035445827254e-02
6.010540838911990896e-02
7.613067778328287682e-02
9.931689390430163689e-02
1.262682758311370335e-01
1.568528439790384532e-01
1.950232803663993486e-01
2.335190389049444648e-01
2.771129615250061407e-01
3.230991165631849626e-01
3.731356009289469866e-01
4.302747684811834561e-01
4.891006431724349013e-01
5.575167859988708896e-01
6.339553265817698957e-01
7.119618269501302166e-01
7.891797876704912396e-01
8.759372184674133477e-01
9.712027354688075320e-01
1.070892869164708827e+00
1.172912352378432388e+00
1.289396213949032699e+00
1.404810067837843235e+00
1.530413052628944115e+00
1.657192901328755852e+00
1.797485033592238324e+00
1.940678153719261445e+00
2.093597470373708802e+00
2.250223644590221284e+00
2.418861734252175211e+00
2.590796392903769174e+00
2.777190572133747537e+00
2.966445386882810453e+00
3.163443083406775713e+00
3.372605760103795092e+00
3.591957031261358679e+00
3.815417401926254115e+00
4.048525797626950862e+00
4.294032615092078231e+00
4.549003875287155552e+00
4.813204750812872135e+00
5.087623069447204216e+00
5.376316447185502057e+00
5.669396264843214794e+00
5.974489055928756898e+00
6.290675791325384125e+00
6.616873648352736836e+00
6.957350408983586476e+00
7.308263257461248941e+00
7.671563277326583830e+00
8.048534367529157407e+00
8.436979932996337084e+00
8.836723991014366675e+00
9.250914382083067267e+00
9.681736406195113886e+00
1.012165372657085527e+01
1.057611267292310231e+01
1.104743033111412842e+01
1.153108059264053509e+01
1.202877482606305648e+01
1.254186096062107936e+01
1.307441465761610289e+01
1.362109982612588510e+01
1.418102698603632916e+01
1.476186159268888787e+01
1.535933374814572971e+01
1.597254747538653419e+01
1.660296410148737323e+01
1.725589057069925047e+01
1.792269976634196382e+01
1.861042531962118574e+01
1.931596845956079278e+01
2.004027897127406277e+01
2.078300296708391670e+01
2.154629144450979084e+01
2.233030849513869498e+01
2.313728094849955141e+01
2.396433216522609655e+01
2.481455136465018541e+01
2.568610452675312672e+01
2.658316074311733246e+01
2.750183112359553661e+01
2.844372794402653426e+01
2.940883458961570796e+01
3.039952047910327337e+01
3.141297669890064981e+01
3.245712986210037343e+01
3.352559595361907441e+01
3.462064702800972782e+01
3.574381832210792709e+01
3.689447267716207080e+01
3.806950403552838225e+01
3.927486557501651987e+01
4.050745552951696027e+01
4.177090596766385033e+01
4.306665990300592739e+01
4.439522641881433174e+01
4.575408218225476276e+01
4.714508727547666922e+01
4.857287600431493502e+01
5.003430546055398054e+01
5.153155809806452226e+01
5.306540445589200772e+01
5.463544796943352821e+01
5.624653494334410198e+01
5.789578447652559134e+01
5.958780521501307703e+01
6.131851999248777929e+01
6.309611279489820390e+01
6.491737862089007649e+01
6.678969195083021759e+01
6.870987000099563602e+01
7.068226800827437728e+01
7.271027647857630427e+01
7.479464841227996885e+01
7.693529870885390665e+01
7.913909173721361867e+01
8.141408808679176445e+01
8.376132256872756443e+01
8.618271190448416519e+01
8.868150541146911792e+01
9.127169751521773833e+01
9.395660022232266329e+01
9.674925692150833356e+01
9.965689181493075921e+01
1.026973390742426773e+02
1.058978855568107633e+02
1.092757832161175315e+02
1.128849029536285116e+02
1.167738038389771305e+02
1.210539650651355146e+02
