2.657841244354676746e+01
2.361126548807737890e+01
2.559151953840228089e+01
2.515002705351002987e+01
2.137000061578555687e+01
2.603777435241681815e+01
2.263374420632976580e+01
2.220320644419962264e+01
1.952458087357967997e+01
2.279933858478693764e+01
2.034172398225609868e+01
1.994887194223861115e+01
1.795250526069798980e+01
2.029105631819084010e+01
1.843596312028398643e+01
1.807109514806415973e+01
1.659145446862066819e+01
1.823042229371071699e+01
1.680485074587977579e+01
1.649811622679089851e+01
1.539177034786712284e+01
1.650101426047967834e+01
1.538630979870185911e+01
1.512571553315660822e+01
1.432015401857552206e+01
1.500363958427283251e+01
1.414212513328106979e+01
1.390437819234557537e+01
1.331934726221902565e+01
1.368881021236461493e+01
1.301919629779058596e+01
1.281641329246872374e+01
1.238007857630282160e+01
1.252991316260067833e+01
1.200666168682460011e+01
1.182227918668786515e+01
1.149351222789027815e+01
1.149176700201883250e+01
1.109053152401020270e+01
1.091598900566782504e+01
1.064801915707016633e+01
1.056493528717101071e+01
1.023720033809399865e+01
1.007279750860129752e+01
9.854315533915269043e+00
9.714524967267379907e+00
9.457422103394719670e+00
9.291998097325176786e+00
9.099824003517596793e+00
8.939141025399294449e+00
8.729483175645782467e+00
8.570465014860701558e+00
8.391173868974874495e+00
8.232471955534037988e+00
8.046503554613764209e+00
7.894663640803628368e+00
7.731271080237320348e+00
7.582510536091604081e+00
7.413814071111119119e+00
7.268549115863834231e+00
7.121022238853356612e+00
6.975057137646217598e+00
6.831549893571036591e+00
6.684463241565708813e+00
6.545478529715182958e+00
6.413193782268763243e+00
6.279953900192140281e+00
6.146063314208731754e+00
6.019144817634924038e+00
5.892163512666684255e+00
5.769150178308336763e+00
5.641848647386041193e+00
5.517747081225479633e+00
5.401690741400443585e+00
5.283054712549756005e+00
5.165715352943607286e+00
5.054896681871241526e+00
4.945304167749100088e+00
4.832474987304976821e+00
4.726977833819319130e+00
4.622010088788783833e+00
4.519108449362192914e+00
4.418342518863710211e+00
4.315135599347740936e+00
4.221266507395284862e+00
4.129670960111752720e+00
4.030792008358730527e+00
3.938647070163369790e+00
3.846166229992149965e+00
3.756324981514808314e+00
3.667763593772406239e+00
3.579563171758991302e+00
3.497307821323374810e+00
3.416274500216104570e+00
3.331295470834220396e+00
3.252853759681784140e+00
3.175310305427274216e+00
3.098903228626795681e+00
3.020450222394174489e+00
2.946372733529869947e+00
2.872624858351173316e+00
2.801646766311932879e+00
2.733489687603878338e+00
2.664192401843592961e+00
2.598156116001518967e+00
2.527847592739135507e+00
2.462205070081381564e+00
2.399987400510099178e+00
2.337933092369212318e+00
2.271143895555269410e+00
2.212453926885018518e+00
2.155294203161474798e+00
2.096645331893796538e+00
2.039907594153874015e+00
1.987520101413110751e+00
1.929843933244683285e+00
1.877844124014472982e+00
1.826254901379797957e+00
1.776438246375164454e+00
1.719797604601581043e+00
1.671767643527346081e+00
1.624827434173766960e+00
1.576257633831801286e+00
1.527590975942075602e+00
1.485118730760632388e+00
1.437497642648622787e+00
1.394896278905434883e+00
1.349470772586983003e+00
1.308919898031263074e+00
1.268622477326061926e+00
1.229638385363841735e+00
1.190981090767763817e+00
1.148957653660545475e+00
1.113926288420088895e+00
1.075311283319479116e+00
1.039720930819385103e+00
1.002973577658167414e+00
9.695020957738050837e-01
9.377449030780553585e-01
9.037686294570903556e-01
8.695085483200273302e-01
8.379730998037757672e-01
8.052587906233839021e-01
7.722545346482547757e-01
7.421159805869592674e-01
7.202637834518554882e-01
6.857837909778937702e-01
6.625203942728603579e-01
6.356578455988710630e-01
6.146997628388817247e-01
5.883894810010588117e-01
5.640694131534474964e-01
5.392026217018609513e-01
5.117320311453568138e-01
4.894413822430579430e-01
4.703225200069027778e-01
4.481483385804949648e-01
4.259934243555108524e-01
4.046043404089232909e-01
3.910961974959263898e-01
3.674284875842203646e-01
3.492082547747941690e-01
3.336129211145362761e-01
3.128605488846005755e-01
2.971131637752933430e-01
2.798390354923867562e-01
2.646007038520110100e-01
2.460822690047734795e-01
2.373912691741680014e-01
2.207356731914842940e-01
2.052124015465324747e-01
1.935463997847364503e-01
1.800573452592288404e-01
1.706989820233957567e-01
1.624775624854919442e-01
1.475460457538701475e-01
1.385563372462001452e-01
1.260179768046328364e-01
1.161330661368538547e-01
1.067008825486937124e-01
9.792990818596086777e-02
8.864560372126108201e-02
7.991851327824404938e-02
7.200882603274298688e-02
6.715928595326661754e-02
5.894697102485228768e-02
5.430916154500659010e-02
4.694300905498489940e-02
4.071836001821792922e-02
3.597262142784533184e-02
3.015230049891213723e-02
2.723393600899723030e-02
2.375178608531318750e-02
2.165449047856778109e-02
1.797573463409211578e-02
1.535534866457059951e-02
1.355835615936485002e-02
1.070993772009390041e-02
8.327284876258986279e-03
6.989277937918845357e-03
3.465509071247694240e-03
3.935802747264448634e-03
2.611773098124135512e-03
-0.000000000000000000e+00
4.981471215842223771e-03
3.169294427152633160e-03
3.869647131068672339e-03
5.237750670175920185e-03
5.077725227692985940e-03
6.627876253105611550e-03
8.451776511037623063e-03
1.032426945539557765e-02
1.040656669624696537e-02
1.425002133078127724e-02
1.527842309815244728e-02
1.670079666632771215e-02
1.986672530347277643e-02
2.217904092185557854e-02
2.356262676744335857e-02
2.771756037418522667e-02
3.215303814295113888e-02
3.711336461105930323e-02
4.132991451933772098e-02
4.517430792702727127e-02
4.870462956000664451e-02
5.317078881944323904e-02
5.853659078479721278e-02
6.239367998182385189e-02
6.817385343765636208e-02
7.265439231764499184e-02
7.633961152146179208e-02
8.248264315352565879e-02
8.975729876897274584e-02
9.709658072051757793e-02
1.023865506767833444e-01
1.069982346764390690e-01
1.166925408465431108e-01
1.220111210323011480e-01
1.281321883527652972e-01
1.349760513980982346e-01
1.438702099155761971e-01
1.494363430922476532e-01
1.580649182137676412e-01
1.635962869811465326e-01
1.718386985105553599e-01
1.778203058634062195e-01
1.849884479786397251e-01
1.926838974852671249e-01
2.009697906028122538e-01
2.071587923171591128e-01
2.165575786584668649e-01
2.259981627571505114e-01
2.337886220673227045e-01
2.441885131211165294e-01
2.497688620055668884e-01
2.608712534026836338e-01
2.690747132965042865e-01
2.764773251831229017e-01
2.872541411095426156e-01
2.974724913165119333e-01
3.059644227898843383e-01
3.158417450219985212e-01
3.266654251001454567e-01
3.351748356355983005e-01
3.442235787995287510e-01
3.554124565362144494e-01
3.650787038197904621e-01
3.748898499948155050e-01
3.821966325140238596e-01
3.919653997866134332e-01
4.014207658369742249e-01
4.104641892863582497e-01
4.205653567616990940e-01
4.293704510387215123e-01
4.381560694980634607e-01
4.488537751597050929e-01
4.573458407435282980e-01
4.682134941483581669e-01
4.761994715947820977e-01
4.857273764978343733e-01
4.940153855802691396e-01
5.054494768257883353e-01
5.159467916714675084e-01
5.216694615462528217e-01
5.326015028686016395e-01
5.404316141689377018e-01
5.486412282423316356e-01
5.613201028891127153e-01
5.703357058705477156e-01
5.805766760402093496e-01
5.901299576207748032e-01
5.992534003055424163e-01
6.102021458298168000e-01
6.191256149313630885e-01
6.284958357466621237e-01
6.388712739951644126e-01
6.499512242435231402e-01
6.584595916976923036e-01
6.672512898310286600e-01
6.776413461184347398e-01
6.855353684989041740e-01
6.964430464227007178e-01
7.060802662444984890e-01
7.176973884527342307e-01
7.271618293102619646e-01
7.357856211592661566e-01
7.463041403573242860e-01
7.564496685895392147e-01
7.677226782823254325e-01
7.800277125973025250e-01
7.874176286945839820e-01
7.960747395397902437e-01
8.074605808253636496e-01
8.167339589940638689e-01
8.260067411163162232e-01
8.374940593096198427e-01
8.458819806778592465e-01
8.545736026123904594e-01
8.662259958691720385e-01
8.736482772887939063e-01
8.834518983774160006e-01
8.933334674402431119e-01
9.033831514038865862e-01
9.120881098776862927e-01
9.208101748845365364e-01
9.311374823821551017e-01
9.388922534114954033e-01
9.479778322456695605e-01
9.551420702566701948e-01
9.663936967833706149e-01
9.742267138099122148e-01
9.822601961579948693e-01
9.926064430314909259e-01
1.001660297293710755e+00
1.010870211416886377e+00
1.021350121706291247e+00
1.029557426099927397e+00
1.040351676384716484e+00
1.047728002622989152e+00
1.055705918541207211e+00
1.064549428011787313e+00
1.072626987994681258e+00
1.082182758069166084e+00
1.089733696114535633e+00
1.097136874245279614e+00
1.106263058743707006e+00
1.116772220012762773e+00
1.123720689209676493e+00
1.131742489047383060e+00
1.138230765683147183e+00
1.146007650035699044e+00
1.155163383536773836e+00
1.162954483596877253e+00
1.170871334556522925e+00
1.178751722374499877e+00
1.185342027260958275e+00
1.192787599195526127e+00
1.199372703576727872e+00
1.205415062963766104e+00
1.212626776074557711e+00
1.218090121041313978e+00
1.224707918569947651e+00
1.230054304322493408e+00
1.237295953866123455e+00
1.244219880850323534e+00
1.248361343807573576e+00
1.253676779847864964e+00
1.257151996986976883e+00
1.264395702890851680e+00
1.270894425240385317e+00
1.276978984716151899e+00
1.283695085205636133e+00
1.289425652695626923e+00
1.292613754260855785e+00
1.299705125593845878e+00
1.303294992266728514e+00
1.306762788627565897e+00
1.310194956311988790e+00
1.313913449808296718e+00
1.320211617429777107e+00
1.325116943712146167e+00
1.329071218282024347e+00
1.332137547557977086e+00
1.336851274709488280e+00
1.341134969250106224e+00
1.343994097879658511e+00
1.348003566350826077e+00
1.351280717255121999e+00
1.352503370560043550e+00
1.355032602381470497e+00
1.359909184323896625e+00
1.363767271898723266e+00
1.368015293059215765e+00
1.370230214688035630e+00
1.372695654638619089e+00
1.373849330468146945e+00
1.376977097231701919e+00
1.380083868258907387e+00
1.381621293692660402e+00
1.382976567332207196e+00
1.383642021516379828e+00
1.382814871087248321e+00
1.384544625808757701e+00
1.388905895794550815e+00
1.386759083628930966e+00
1.385628322040702187e+00
1.387964568923507613e+00
1.386355331049344386e+00
1.388707268855341681e+00
1.388690488275187818e+00
1.387149423213486443e+00
1.385564295417907488e+00
1.384217690509558452e+00
1.381719166236507590e+00
1.381914891116366562e+00
1.379855608371599374e+00
1.378620240631789784e+00
1.376618997909872633e+00
1.376048803104367835e+00
1.372303841400935198e+00
1.372512962424707439e+00
1.370443278669426945e+00
1.367401979599890183e+00
1.363262852380103141e+00
1.359013933405094576e+00
1.356968344827691908e+00
1.353914722497393086e+00
1.351129678696906922e+00
1.346421744352255701e+00
1.341860780160459399e+00
1.337374589995761198e+00
1.334388559332865043e+00
1.328500423219338700e+00
1.322825329007628170e+00
1.318378299094320028e+00
1.313153085839985579e+00
1.308298881697282923e+00
1.301488885246499194e+00
1.296039349911552563e+00
1.289623355064122734e+00
1.285914334961034911e+00
1.278801487310374796e+00
1.271984159488511068e+00
1.265082550698480190e+00
1.257223393290587410e+00
1.248805725459760652e+00
1.239481962720219599e+00
1.231335272505930334e+00
1.223849225272942931e+00
1.215539888883995445e+00
1.207108392775808170e+00
1.198654217100056485e+00
1.190117891322643118e+00
1.179786556766885042e+00
1.168932265958801509e+00
1.159728681084288837e+00
1.150226909073353454e+00
1.138914169139752630e+00
1.128128647190806078e+00
1.119236749905212491e+00
1.108813355975144077e+00
1.099130654064992996e+00
1.088045678380467507e+00
1.076859106578922365e+00
1.065622198655091779e+00
1.053564594377121466e+00
1.042279540801246185e+00
1.031082255065030040e+00
1.019687439535800877e+00
1.006153830538096372e+00
9.947813667508853541e-01
9.810060311162942526e-01
9.675417274193023331e-01
9.542229931662405962e-01
9.413888297735866217e-01
9.300321463160798885e-01
9.189713105129158066e-01
9.043223048961408495e-01
8.913297123581287451e-01
8.778497028372385103e-01
8.639777629746276943e-01
8.506350229508825578e-01
8.343620738862682629e-01
8.210236402978807746e-01
8.072545035465736873e-01
7.938188249802351493e-01
7.798040723887424974e-01
7.642373340568155982e-01
7.513621626687836397e-01
7.361598322336249112e-01
7.222260525522870012e-01
7.059896709370150347e-01
6.921143038075571186e-01
6.765125626479858711e-01
6.624270295405949582e-01
6.482970015663340746e-01
6.338984844694550702e-01
6.205286094309484524e-01
6.042961170192029385e-01
5.905155659781938793e-01
5.757749778249491301e-01
5.629120700928068599e-01
5.485833351337987551e-01
5.359596655443965574e-01
5.217365947196412890e-01
5.069008179486901300e-01
4.948478032283673556e-01
4.801055908487796287e-01
4.663574498331399254e-01
4.516626529484710217e-01
4.386462781569661629e-01
4.248936816943569283e-01
4.124002184516938896e-01
4.008871920107139886e-01
3.871094721903318714e-01
3.748224645360096474e-01
3.611637602900828470e-01
3.495255342927521269e-01
3.368971559366400470e-01
3.243767066908276320e-01
3.129754091564790897e-01
3.020207292256600340e-01
2.900134908725248706e-01
2.783568619411198597e-01
2.677103380237895180e-01
2.574482938671281418e-01
2.451740267056266021e-01
2.334806068072339258e-01
2.245800966502428664e-01
2.129786318178048532e-01
2.043922232376189363e-01
1.944214669802022677e-01
1.841163286658230036e-01
1.746230354153794351e-01
1.645812304213904731e-01
1.547803474018110415e-01
1.477275961340183685e-01
1.399895702652428908e-01
1.324558840201461307e-01
1.252383110083883644e-01
1.175548680930660894e-01
1.083739776872789939e-01
1.018570125711448782e-01
9.440733907285903115e-02
8.768551279285928535e-02
8.110991160765478047e-02
7.535746546818701541e-02
6.859583818663850252e-02
6.449223533536492525e-02
5.980020052993492014e-02
5.515340564966205589e-02
4.912348498737631464e-02
4.470169764135788898e-02
4.037371310482738840e-02
3.577270949290318330e-02
3.333466903313814927e-02
3.166107304332400202e-02
3.161928831514162347e-02
2.969454815502108741e-02
2.933663529165638634e-02
2.783924553341419333e-02
2.658283735377151361e-02
2.678169147748117943e-02
2.631301828341751914e-02
2.840034126870705569e-02
2.953531614093658081e-02
3.079258484331153650e-02
3.240807746055902883e-02
3.683741595068572988e-02
4.035480337597622397e-02
4.513065346850450577e-02
5.006242931176524413e-02
5.311695686805249783e-02
5.894456071973763062e-02
6.471405004322154653e-02
7.116920139787907829e-02
7.801126140248021423e-02
8.530610809157218588e-02
9.370699347005030655e-02
9.893875949046555818e-02
1.077097748120650345e-01
1.179972962092961652e-01
1.278278883996790960e-01
1.357241459545548423e-01
1.468663979578650747e-01
1.577465236346142496e-01
1.693362128053194915e-01
1.838743947412240232e-01
1.956576499956099169e-01
2.095229252945501330e-01
2.237785216093471086e-01
2.387184090489426480e-01
2.540629673230795915e-01
2.713274210072995074e-01
2.877933810682407056e-01
3.048360011659952407e-01
3.232755455210281625e-01
3.421607836075964415e-01
3.605582768857402698e-01
3.791216945937776472e-01
3.989056962177527921e-01
4.207364766396040623e-01
4.417407641558384057e-01
4.637853464387262648e-01
4.841740371837204293e-01
5.078246368175314274e-01
5.335487479328550053e-01
5.598074978101975629e-01
5.851728336674569819e-01
6.128880677438245383e-01
6.410790511931735436e-01
6.686466892679164831e-01
6.973222435783554829e-01
7.285384160700232314e-01
7.591994159993191715e-01
7.912963514256717845e-01
8.228112921992760675e-01
8.561713245544524398e-01
8.907875098968816019e-01
9.246402044432215916e-01
9.600824058543366846e-01
9.957328509929084248e-01
1.034512182354319521e+00
1.071046132241463056e+00
1.109513388583764026e+00
1.148815318569631927e+00
1.188547445079166209e+00
1.229433010871616716e+00
1.271375769347741880e+00
1.314409620648575583e+00
1.356505950491737167e+00
1.401789877133069240e+00
1.448361174694355213e+00
1.493865921643191541e+00
1.541415882768433221e+00
1.588477473236480364e+00
1.635575601351774822e+00
1.685093871760273032e+00
1.733450000607035690e+00
1.785631466148515756e+00
1.837749005708701588e+00
1.891251369782821712e+00
1.944719625099423865e+00
1.998911331791987323e+00
2.053147965485095483e+00
2.109252608745919133e+00
2.168838386778816130e+00
2.228773477832419303e+00
2.289569215253322909e+00
2.350662052025882076e+00
2.413127077128137898e+00
2.477217938126159424e+00
2.541210794186781641e+00
2.607573963057348010e+00
2.673390169905360381e+00
2.742116856656366508e+00
2.811133713719300431e+00
2.881017371329107846e+00
2.950851437874007388e+00
3.023850823981319991e+00
3.097466760534189234e+00
3.170355743937761872e+00
3.246772517649787915e+00
3.324436146024481786e+00
3.402143464603796019e+00
3.480813308789493021e+00
3.560722199429392276e+00
3.639249603415009915e+00
3.723413475930556160e+00
3.806113681887609346e+00
3.890568112145047053e+00
3.977072986886469153e+00
4.064409227212991027e+00
4.153293727989876061e+00
4.242682647974561405e+00
4.331925804799993784e+00
4.422910534840411856e+00
4.515018827336007234e+00
4.609140326313081459e+00
4.704675587860037922e+00
4.801187784435796857e+00
4.897364540971921087e+00
4.997213122440371080e+00
5.098104516971261546e+00
5.199352496289520786e+00
5.303210726915494888e+00
5.407531459782376260e+00
5.513525160917652101e+00
5.621453733130692854e+00
5.730845897395965949e+00
5.841195222849364654e+00
5.952307294041020214e+00
6.065130540077916521e+00
6.177824369530299009e+00
6.294199575558877768e+00
6.412605914166306320e+00
6.531242580022535549e+00
6.651505126477559315e+00
6.773191434181171644e+00
6.897355492067163141e+00
7.022207625972214373e+00
7.149544677517951641e+00
7.277939040956425742e+00
7.407459559651897507e+00
7.538263366349383432e+00
7.669640718741447927e+00
7.801736411410956862e+00
7.937880734675673011e+00
8.075956665663852618e+00
8.214270538393520837e+00
8.354789052823434758e+00
8.495960238113411833e+00
8.638121411849624565e+00
8.782428129280560825e+00
8.928302448868862484e+00
9.075692499672641134e+00
9.224145822833634156e+00
9.374846345410560389e+00
9.527256776234480640e+00
9.682666408475597564e+00
9.839412466259318535e+00
9.997472627646402543e+00
1.016004159728890954e+01
1.031940331550163137e+01
1.048230531119543230e+01
1.064869286730663589e+01
1.081484333104162943e+01
1.098260033366887001e+01
1.115443778087023929e+01
1.132587368648091797e+01
1.149949960085132261e+01
1.167544534289731928e+01
1.185415793255378958e+01
1.203357150263536823e+01
1.221456529615784348e+01
1.239695056011260021e+01
1.258054903190850382e+01
1.276743750128184729e+01
1.295643385911535006e+01
1.314708695785293457e+01
1.334004727788351374e+01
1.353424192070087884e+01
1.373048904946108451e+01
1.392817889374646256e+01
1.412921224567980971e+01
1.433077604914910808e+01
1.453402323679847541e+01
1.473982142873865087e+01
1.494707643270271546e+01
1.515693942299776609e+01
1.536952044469944667e+01
1.558341405008582115e+01
1.580124837185803699e+01
1.602069865005591964e+01
1.624059308716550731e+01
1.646422604680492441e+01
1.668887276224245397e+01
1.691552888436581270e+01
1.714365324770415100e+01
1.737376210298657497e+01
1.760625989753043541e+01
1.784218922088120962e+01
1.807907870055305466e+01
1.831919444553659559e+01
1.856108287735924023e+01
1.880552550232050635e+01
1.905388272193249577e+01
1.930375321406813782e+01
1.955524329851277798e+01
1.980903294505424128e+01
2.006558048360807334e+01
2.032370793267864428e+01
2.058359340584593156e+01
2.084633248118393567e+01
2.111209497232584908e+01
2.137843713353959174e+01
2.164767837526801486e+01
2.191984170490422912e+01
2.219359568879463041e+01
2.247070921398176324e+01
2.274886786191154897e+01
2.303085136969889390e+01
2.331506775688649213e+01
2.360256214621722393e+01
2.389191180462216835e+01
2.418402606056224613e+01
2.447956424571702883e+01
2.477612949340687010e+01
2.507597766062281153e+01
2.537710866880615868e+01
2.568142459157820667e+01
2.598897680814297928e+01
2.629906947897643477e+01
2.661167217590696055e+01
2.692740700751346594e+01
2.724598003349046849e+01
2.756642591191189240e+01
2.788937199656538724e+01
2.821532759423939751e+01
2.854481730031375264e+01
2.887484551945271960e+01
2.920880663186767379e+01
2.954609523318185893e+01
2.988688086880756600e+01
3.022902197365988286e+01
3.057406585451508363e+01
3.092363737869345641e+01
3.127475768486260677e+01
3.162805452914153648e+01
3.198412944160554616e+01
3.234451615407238023e+01
3.270680072313234632e+01
3.307298307833298168e+01
3.344197287190695533e+01
3.381397447328026828e+01
3.418952050955863342e+01
3.456756202840097103e+01
3.494860552027648737e+01
3.533152354842763998e+01
3.571841652093189623e+01
3.610694176663355393e+01
3.649989185254685253e+01
3.689655997189311165e+01
3.729509563887086188e+01
3.769760560945155703e+01
3.810351013905801665e+01
3.851214402495361355e+01
3.892403073002947167e+01
3.933967376452255849e+01
3.975787008318388871e+01
4.018073276007794448e+01
4.060515198246775981e+01
4.103238822467778846e+01
4.146432655810485812e+01
4.189811525812456239e+01
4.233631781620010770e+01
4.277809106502672876e+01
4.322354496027310233e+01
4.367153390066619068e+01
4.412357561417729812e+01
4.457842194974273298e+01
4.503593556335931680e+01
4.549729039830845068e+01
4.596227621410707798e+01
4.643118507351414337e+01
4.690319028990916195e+01
4.737934981593457451e+01
4.785830114901568777e+01
4.834087267450513536e+01
4.882666785760261519e+01
4.931633547996534617e+01
4.980922230448913979e+01
5.030721611458170628e+01
5.080786391088986420e+01
5.131313893498145262e+01
5.182234805934308497e+01
5.233385522588287131e+01
5.284922097360822590e+01
5.336918504086384019e+01
5.389178177077337750e+01
5.441841738591892863e+01
5.494932978333849860e+01
5.548448236578042270e+01
5.602314695820064117e+01
5.656609254992395108e+01
5.711232553152149194e+01
5.766189543445329946e+01
5.821497868846790880e+01
5.877245844068602310e+01
5.933510223501912151e+01
5.990154741988089881e+01
6.047278851367082098e+01
6.104702909199954775e+01
6.162547960599340513e+01
6.220883070957279415e+01
6.279545416775476951e+01
6.338546467477726765e+01
6.398031996653662645e+01
6.457882646002076399e+01
6.518198156445441782e+01
6.578827704390619147e+01
6.639919227075847630e+01
6.701388693872877411e+01
6.763314252431496243e+01
6.825751424478312401e+01
6.888453801431614920e+01
6.951775312691802355e+01
7.015374648651868483e+01
7.079436209691493787e+01
7.144185903374795998e+01
7.209155849631588353e+01
7.274660237955549746e+01
7.340615937748566466e+01
7.406991896480849391e+01
7.473803466818799279e+01
7.541101203931953023e+01
7.608774794524015306e+01
7.677106530662990735e+01
7.745757659781111215e+01
7.814890722254585853e+01
7.884422107667910495e+01
7.954530647836827484e+01
8.025045389189563139e+01
8.096105507081506403e+01
8.167560659227046926e+01
8.239462732959600544e+01
8.311846041183002853e+01
8.384861622067137432e+01
8.458156496905667154e+01
8.532070120111006872e+01
8.606510348862821047e+01
8.681456890759818634e+01
8.756810602416067013e+01
8.832650462966148552e+01
8.909037026258806691e+01
8.985877404415623459e+01
9.063264625385954787e+01
9.141281475550999858e+01
9.219554481147315528e+01
9.298428534021104497e+01
9.377852435272575349e+01
9.457874752256429929e+01
9.538424114371036922e+01
9.619421965674769126e+01
9.700777899332570087e+01
9.782806076525912431e+01
9.865382340779683545e+01
9.948495183927116159e+01
1.003193845883392896e+02
1.011610966887608356e+02
1.020070079960114526e+02
1.028589116115210800e+02
1.037167329251756200e+02
1.045794132541759609e+02
1.054487013391947130e+02
1.063222907188978752e+02
1.072023488714894484e+02
1.080869734998298100e+02
1.089775846398774775e+02
1.098741868364868424e+02
1.107758841275383475e+02
1.116830715428154690e+02
1.125968411586200091e+02
1.135161229374673439e+02
1.144410710467714125e+02
1.153716215307485982e+02
1.163081527000788356e+02
1.172500324177021866e+02
1.181986001788006888e+02
1.191525680760123578e+02
1.201125897636743503e+02
1.210779605509721932e+02
1.220494678599670806e+02
1.230280795210787801e+02
1.240128618573487529e+02
1.250033341722182740e+02
1.259993829188392738e+02
1.270025436916746457e+02
1.280120814313440860e+02
1.290270045847796609e+02
1.300486810338750274e+02
1.310755570345527303e+02
1.321089853142259471e+02
1.331492168382517320e+02
1.341959293392164909e+02
1.352483743317936842e+02
1.363080803472964817e+02
1.373737982809861933e+02
1.384458592664670959e+02
1.395245115868870016e+02
1.406097352001843319e+02
1.417006784751940813e+02
1.427988424058835335e+02
1.439034397937093672e+02
1.450149764138843693e+02
1.461330572068231959e+02
1.472586743365418442e+02
1.483910081795695532e+02
1.495304887983197659e+02
1.506767690553413104e+02
1.518308955485920251e+02
1.529904748237581771e+02
1.541557701247536443e+02
1.553290556668000590e+02
1.565093616823264711e+02
1.576971852442682120e+02
1.588921398314050748e+02
1.600947883202002231e+02
1.613035522902525827e+02
1.625196345334916259e+02
1.637427313493512884e+02
1.649737491903676982e+02
1.662116217592483736e+02
1.674568796565413322e+02
1.687105065227976866e+02
1.699706288350207615e+02
1.712388781362508325e+02
1.725149048601476807e+02
1.737985312209566473e+02
1.750890972164463619e+02
1.763871116765681109e+02
1.776935111691054772e+02
1.790065764129806212e+02
1.803279509764711293e+02
1.816582903765593073e+02
1.829965347234513047e+02
1.843421643242495520e+02
1.856959429379712674e+02
1.870573513038518740e+02
1.884274282116407448e+02
1.898047525822985335e+02
1.911911735903242970e+02
1.925854309849114543e+02
1.939885761770926820e+02
1.953996227099971748e+02
1.968181707407661634e+02
1.982459804243624149e+02
1.996822106349400201e+02
2.011262560426280288e+02
2.025799602786935338e+02
2.040428700200109233e+02
2.055154383810900072e+02
2.069957200153364738e+02
2.084852299834137739e+02
2.099828679090737751e+02
2.114895125882974298e+02
2.130055380253297699e+02
2.145312656978226187e+02
2.160653261443583233e+02
2.176089072110016787e+02
2.191607709837865059e+02
2.207234392011230284e+02
2.222944319372591053e+02
2.238749850199985758e+02
2.254657281277100083e+02
2.270668443956647025e+02
2.286770569284583416e+02
2.302965267480390139e+02
2.319262763124834237e+02
2.335672848068954863e+02
2.352168408606880803e+02
2.368770367906081447e+02
2.385469659057000626e+02
2.402268930890054435e+02
2.419188467014873822e+02
2.436194320798115314e+02
2.453313584935017388e+02
2.470532400153576873e+02
2.487861712548785817e+02
2.505301389053270213e+02
2.522847230817831132e+02
2.540498616166023567e+02
2.558263811218998853e+02
2.576138782679452106e+02
2.594133856009011652e+02
2.612235593042491928e+02
2.630448815646639105e+02
2.648779914780479885e+02
2.667235929752564516e+02
2.685809452748624153e+02
2.704514388489205885e+02
2.723325035153459339e+02
2.742267968366329569e+02
2.761338542541798233e+02
2.780526648136067251e+02
2.799841003371518582e+02
2.819273112649116229e+02
2.838830327754760674e+02
2.858526933537618788e+02
2.878354877857218526e+02
2.898313821414114955e+02
2.918414949019902451e+02
2.938645583511697623e+02
2.959023226750352933e+02
2.979543019914240176e+02
3.000186109309161111e+02
3.020982994780854369e+02
3.041920895752377874e+02
3.063018049307881938e+02
3.084253102828436113e+02
3.105639057577177482e+02
3.127177068394100843e+02
3.148877890639334964e+02
3.170719816897294550e+02
3.192727035030854950e+02
3.214902981098775854e+02
3.237246039815186123e+02
3.259740092892041048e+02
3.282391362458211006e+02
3.305226609807109526e+02
3.328247304342237385e+02
3.351435159656602991e+02
3.374801666184616806e+02
3.398348711456362707e+02
3.422074967033322537e+02
3.445989748376416628e+02
3.470102095126073891e+02
3.494397399822983061e+02
3.518901690325403706e+02
3.543613490375298625e+02
3.568522397472033845e+02
3.593659791970969763e+02
3.619003682142370053e+02
3.644570599483477054e+02
3.670357120154478707e+02
3.696377510974139113e+02
3.722622385999047765e+02
3.749118250222638835e+02
3.775865402711219758e+02
3.802841768735588630e+02
3.830091651981167615e+02
3.857620986537381214e+02
3.885406172541177057e+02
3.913472486087232483e+02
3.941822305698892706e+02
3.970475263954056118e+02
3.999419796955592119e+02
4.028670806013701622e+02
4.058223550174941465e+02
4.088105480954509403e+02
4.118356404718374506e+02
4.148934748120871063e+02
4.179886415083128668e+02
4.211217761546445217e+02
4.242948335152093478e+02
4.275085130803163338e+02
4.307647479329039015e+02
4.340685231968443532e+02
4.374198222722443461e+02
4.408195368892932038e+02
4.442710577029126853e+02
4.477752112656125973e+02
4.513353061865211657e+02
4.549574763945336144e+02
4.586420082005606673e+02
4.623979181333281758e+02
4.662265472824424251e+02
4.701361371374332521e+02
4.741289164351776435e+02
4.782216606645292813e+02
4.824191509971678897e+02
4.867327425053529169e+02
4.911829679908319122e+02
4.957822809053577657e+02
5.005608078354864574e+02
5.055700268691202837e+02
5.108585168199313102e+02
5.165523130951053190e+02
