1.017101360988351644e+01
7.962453519354085074e+00
9.927864528612417416e+00
9.468865931381060363e+00
6.483572268269881533e+00
1.032483594339646515e+01
7.694261889307313140e+00
7.294975433828199129e+00
5.412524459277506139e+00
7.838936826535132241e+00
6.157987102251468059e+00
5.810151048316924971e+00
4.612096683430081612e+00
6.121896962007440379e+00
4.973859894388624525e+00
4.707096305039385697e+00
3.987982605874549336e+00
4.844750179264110557e+00
4.052795744782997645e+00
3.870038688460340381e+00
3.455892303300402091e+00
3.851293998107962580e+00
3.335060681480968015e+00
3.203493912033195556e+00
2.970008013094570742e+00
3.094933217642960699e+00
2.750269188792799469e+00
2.665171481911784213e+00
2.497696534969009008e+00
2.491262683879085671e+00
2.270152378125885662e+00
2.188000392394314986e+00
2.072517802228617256e+00
2.009364469193656078e+00
1.874035558875789320e+00
1.791380822866699418e+00
1.689702489617161518e+00
1.610419707572191328e+00
1.519371832916021958e+00
1.441044617635043323e+00
1.359343079105201468e+00
1.282685747552250177e+00
1.213184937081223325e+00
1.140209473843015076e+00
1.073126272467561648e+00
1.015113810241928149e+00
9.437662243583417876e-01
8.887498045037318661e-01
8.291954744261147425e-01
7.830682379735662835e-01
7.288140870198276389e-01
6.735731960729935963e-01
6.306473101901702849e-01
5.829951634068493149e-01
5.454858794203117922e-01
5.052080192886024834e-01
4.628813388997060074e-01
4.325017092014604714e-01
3.900706312770126361e-01
3.581427113260816086e-01
3.355069170770548781e-01
3.071834092049811615e-01
2.713249354601430796e-01
2.454868965717196261e-01
2.193245488110733277e-01
2.030900847946667809e-01
1.822345620757914175e-01
1.640492678382088343e-01
1.476827944347861021e-01
1.328847874563052200e-01
1.185291959536698553e-01
9.861512859902181460e-02
8.638183497919271758e-02
7.548854318110898021e-02
6.664980858727174995e-02
6.097789857267345293e-02
4.798565901114666687e-02
3.649450282364344322e-02
2.911530716642122749e-02
2.753929423033697060e-02
2.243216802730780071e-02
1.303195767968649832e-02
1.153977867647887345e-02
-0.000000000000000000e+00
4.721992644817923392e-03
2.877609795405107820e-03
5.466724732741604434e-03
2.787057292834970151e-03
9.131339356827083975e-03
1.052940447993928365e-02
1.240636312149948420e-02
1.057562973596757119e-02
2.180151730590296905e-02
2.360079619415955676e-02
2.800227976285890943e-02
3.308885911860670603e-02
4.408586485260453103e-02
4.900434420892453569e-02
5.978076805354246015e-02
6.427307419971844960e-02
7.279387947232861256e-02
8.218424200640578325e-02
8.797449889721069283e-02
9.878030783193030018e-02
1.055058212039056698e-01
1.179638112871543576e-01
1.271623660743443351e-01
1.365875675232927910e-01
1.488855340364807212e-01
1.561078968261427335e-01
1.739574846571941280e-01
1.829076817905389007e-01
1.966728613383566526e-01
2.093413154223071615e-01
2.218932275245606989e-01
2.361446766656172536e-01
2.497029982937419568e-01
2.665229903921044752e-01
2.776261519984473680e-01
2.898371702360691970e-01
3.035557985563173133e-01
3.167028332343307384e-01
3.278586108408489408e-01
3.439259303861491035e-01
3.576006151819229317e-01
3.728910924907040125e-01
3.806468423451861427e-01
3.952893277582915643e-01
4.123552486209973167e-01
4.235542395949778438e-01
4.403349820347557397e-01
4.538260845247349962e-01
4.670123241578493789e-01
4.846274124151933038e-01
4.972914706565915721e-01
5.110499893853557296e-01
5.255004882375260422e-01
5.427010708939404848e-01
5.507662284595654656e-01
5.676610392881685785e-01
5.855556882306699462e-01
6.006952763812023477e-01
6.098719264614373969e-01
6.260722537715537328e-01
6.404105170777256717e-01
6.530240305803545198e-01
6.677518251412948302e-01
6.824273911322507047e-01
6.919064900812373908e-01
7.056363091734283444e-01
7.135171393750852076e-01
7.281459604233759819e-01
7.411385445655014337e-01
7.545144312771299155e-01
7.658374595168879750e-01
7.769595455979469989e-01
7.842622405476049607e-01
7.953291625299243606e-01
8.060382033238511212e-01
8.131255168896132091e-01
8.250180228067165444e-01
8.343848415061075885e-01
8.455563696398940010e-01
8.537612255917110815e-01
8.649913450914255009e-01
8.724481776523589360e-01
8.806416789193463046e-01
8.907494876614237000e-01
9.023778704963660857e-01
9.073013119393634751e-01
9.172790633465410792e-01
9.254899840709640557e-01
9.333314007012631919e-01
9.391095429480174062e-01
9.465557062776497332e-01
9.496738422395765156e-01
9.539880199048412779e-01
9.581149197762215408e-01
9.594491930281491276e-01
9.657406355745479232e-01
9.669376691319939710e-01
9.716823711464712687e-01
9.728744128149173775e-01
9.735368672145341407e-01
9.737407979830550175e-01
9.710855386451839877e-01
9.713193611430597230e-01
9.694861541647696868e-01
9.682601993073376434e-01
9.638674943765863645e-01
9.642118685893592556e-01
9.603847372316067776e-01
9.589804154747980647e-01
9.559770948137611413e-01
9.504482806501073355e-01
9.457326377539629902e-01
9.374772240162201342e-01
9.326645149560589543e-01
9.235777654353114485e-01
9.119307729040428967e-01
9.005921450025198283e-01
8.893762728667979900e-01
8.853005752392846262e-01
8.733196327845007545e-01
8.636488918554050542e-01
8.473197756629816668e-01
8.333596609784307274e-01
8.192419218107716006e-01
8.045661341564027680e-01
7.870122915255706175e-01
7.695605516512387112e-01
7.489897901227777766e-01
7.318381000302451866e-01
7.128004593723744620e-01
6.957192815744974723e-01
6.798711897666863679e-01
6.607267971900228076e-01
6.417054733036593461e-01
6.235284641115867998e-01
6.034800329864538071e-01
5.860188010724413088e-01
5.661852893952072918e-01
5.489351920341506430e-01
5.263471411055890004e-01
5.072870592989601191e-01
4.877217685232153044e-01
4.685755431037250673e-01
4.477059089851990747e-01
4.254720884604239473e-01
4.083770674839115045e-01
3.881741560206819486e-01
3.695486218766746433e-01
3.496194298434147640e-01
3.289146174688539759e-01
3.104263677230392759e-01
2.921402224264966208e-01
2.717088910633265741e-01
2.539091643716346325e-01
2.367444208618962320e-01
2.143417999832308574e-01
1.964630673348892465e-01
1.817661498338339066e-01
1.663879661442706492e-01
1.512599282476685125e-01
1.392688530031591376e-01
1.229127657090884618e-01
1.113750880963379625e-01
9.597663882755110010e-02
8.819195277192193316e-02
7.598516831808410643e-02
6.650000645049661263e-02
5.971436874710888548e-02
5.270168205061052935e-02
4.436060153716426396e-02
4.202816095528301432e-02
3.636559396875328753e-02
3.191206249800874334e-02
3.063861763985185893e-02
3.049235621915611857e-02
3.146561903895415263e-02
3.417528437034891842e-02
3.607298542829089072e-02
4.289969258593368667e-02
4.868042763473567208e-02
5.340416371541322621e-02
6.287177386911936561e-02
7.224227315532520677e-02
8.252439568093454525e-02
9.327682865625777642e-02
1.109453971811263095e-01
1.271124203958606813e-01
1.452383502612519250e-01
1.682001986723662967e-01
1.898735138727260519e-01
2.122115996762659329e-01
2.408808759466864735e-01
2.690738962041905324e-01
3.009731779773119897e-01
3.325320725252822185e-01
3.681415497205761667e-01
4.060932659380114274e-01
4.417962926232803511e-01
4.797326010401548047e-01
5.237547225024171693e-01
5.690912902948639385e-01
6.146962876050565683e-01
6.625880767167019458e-01
7.137814416082619573e-01
7.669659592631888900e-01
8.233475210522556154e-01
8.809621390289521514e-01
9.411953827657271177e-01
1.005683802093017221e+00
1.072143913267041171e+00
1.138674611241754064e+00
1.209607916895834023e+00
1.285537417985437969e+00
1.362630297432815496e+00
1.442021040244526375e+00
1.523591882543541942e+00
1.610065922131070693e+00
1.697414317153970842e+00
1.790298433955740620e+00
1.884197930782420372e+00
1.983047801973953028e+00
2.082981777345821683e+00
2.186468874999604850e+00
2.292325093370550348e+00
2.403949193611765622e+00
2.518540338564093872e+00
2.637130686959835657e+00
2.759706663841370755e+00
2.882092501906072357e+00
3.008308221519655490e+00
3.140825806114889929e+00
3.273144668824443215e+00
3.411103591243545452e+00
3.554728262974094832e+00
3.698165582404953966e+00
3.848919178266783092e+00
4.003874469451716323e+00
4.160733443583808366e+00
4.322327157377117146e+00
4.489848657401466880e+00
4.661161176746190904e+00
4.834212527491899891e+00
5.013333806645277946e+00
5.195578637405787958e+00
5.381352778392738401e+00
5.569067572107769593e+00
5.766164479637154727e+00
5.967832333263913824e+00
6.173564508408503571e+00
6.385041781548011386e+00
6.601769761956234106e+00
6.820082614967873269e+00
7.043794233185849407e+00
7.275407087818621221e+00
7.507878383446723092e+00
7.748270272098125133e+00
7.992720193977447707e+00
8.243769616632107500e+00
8.496643954695855427e+00
8.756454544876760338e+00
9.024122129924990077e+00
9.295005132238998158e+00
9.572091607167408256e+00
9.854634484993653132e+00
1.014337541141151178e+01
1.043765265565468781e+01
1.073815940484064413e+01
1.104209902393790799e+01
1.135132713964867435e+01
1.166975716943147745e+01
1.199525632498580308e+01
1.232657907785210227e+01
1.266371697907197813e+01
1.300532326169673070e+01
1.335579357456333582e+01
1.371289313092313478e+01
1.407685477632082893e+01
1.444615780255310256e+01
1.482523627365060293e+01
1.520717348781954570e+01
1.559861394734230089e+01
1.599394164298337273e+01
1.639855316437956390e+01
1.680971334378909887e+01
1.722822250767853802e+01
1.765564055430513690e+01
1.808852305045661524e+01
1.853024911755562698e+01
1.898259947416738669e+01
1.944064067364604398e+01
1.990484240059242893e+01
2.037798880286516123e+01
2.085870271514659180e+01
2.135027605726440925e+01
2.184830067830716871e+01
2.235421865305056599e+01
2.286968587303226741e+01
2.339495127705117739e+01
2.392766915411448281e+01
2.446955036614349410e+01
2.501813643015736943e+01
2.557695689480135570e+01
2.614575191362644091e+01
2.672392994033555169e+01
2.731072772255117798e+01
2.790613906139014944e+01
2.851370286342694271e+01
2.912892239034681552e+01
2.975412202958091257e+01
3.039049664564072373e+01
3.103601768384828574e+01
3.169193307175009977e+01
3.235573714928909794e+01
3.303161560794114848e+01
3.372028479122832323e+01
3.441578001764446526e+01
3.512227796346292052e+01
3.583977353248644704e+01
3.656941183424953579e+01
3.730806815485436800e+01
3.806045577629004129e+01
3.882085312949527633e+01
3.959363178303055975e+01
4.038008870416410900e+01
4.117598399099551898e+01
4.198694636345067011e+01
4.280857275191419831e+01
4.364156462854930396e+01
4.448800983975434065e+01
4.534427449895360951e+01
4.621409988539141978e+01
4.709610177060005753e+01
4.799048064970327232e+01
4.889720861282614806e+01
4.981863165408356053e+01
5.075193294737027827e+01
5.169912978208662935e+01
5.265828061143474770e+01
5.363269629461797194e+01
5.462111887560831747e+01
5.562240035404624905e+01
5.663892299347298831e+01
5.766808908935877298e+01
5.871191907524860198e+01
5.977192307952157080e+01
6.084500972217745129e+01
6.193383629748961994e+01
6.303797153605080439e+01
6.415779793576768952e+01
6.529009002109046378e+01
6.644036831461380643e+01
6.760410311665441441e+01
6.878624320715289286e+01
6.998365046116646226e+01
7.119712814069043816e+01
7.242635837415423339e+01
7.367267547113567616e+01
7.493615909324273616e+01
7.621769244720042025e+01
7.751516734652534524e+01
7.883165594871968551e+01
8.016436997830317068e+01
8.151508689048637279e+01
8.288445731467072619e+01
8.427271814951677698e+01
8.567922477079127930e+01
8.710525934890915778e+01
8.855042718191270978e+01
9.001414006136496937e+01
9.149738849725270029e+01
9.300161697833993912e+01
9.452721703263694053e+01
9.607289465820679197e+01
9.763895872631871953e+01
9.922742241365233440e+01
1.008374467103265033e+02
1.024704123430365144e+02
1.041246082412446867e+02
1.058015505235966884e+02
1.075036037659554040e+02
1.092304669648647177e+02
1.109804287368626774e+02
1.127552908856572458e+02
1.145539314283165595e+02
1.163817611701850865e+02
1.182339539082742021e+02
1.201129356261320709e+02
1.220182504674354504e+02
1.239545408889541704e+02
1.259201938995938690e+02
1.279158847305727704e+02
1.299431395290180262e+02
1.319991490237132439e+02
1.340883943365561208e+02
1.362101782124120746e+02
1.383642747347761315e+02
1.405553035169383520e+02
1.427836802267901248e+02
1.450491717207634110e+02
1.473548931462104292e+02
1.497006472862626651e+02
1.520877958686348848e+02
1.545183042670814757e+02
1.569938247074544506e+02
1.595176927699835687e+02
1.620937198438765563e+02
1.647240047427866330e+02
1.674068192449395838e+02
1.701470282814419761e+02
1.729478437230833379e+02
1.758116666833738009e+02
1.787459342424581337e+02
1.817550862013143274e+02
1.848423282765520526e+02
1.880199467288955475e+02
1.912956775408820249e+02
1.946769758528636771e+02
1.981747764647502095e+02
2.018037592256893618e+02
2.055916308928689773e+02
2.095608980907492196e+02
2.137540849037790167e+02
2.182276039989943683e+02
2.231026020702209394e+02
