4.583316522199809551e+05
0.000000000000000000e+00
0.000000000000000000e+00
0.000000000000000000e+00
4.583405310398936272e+05
0.000000000000000000e+00
4.583412182962894440e+05
4.583430045175999403e+05
4.583487081248313189e+05
4.583448068532645702e+05
4.583501144849807024e+05
4.583518796910047531e+05
4.583564715380370617e+05
4.583539580137580633e+05
4.583583155870884657e+05
4.583600736028701067e+05
4.583639551926404238e+05
4.583623772240132093e+05
4.583661117524504662e+05
4.583678376897871494e+05
4.583712368802130222e+05
4.583703244995474815e+05
4.583736169644445181e+05
4.583753319454044104e+05
4.583783145377933979e+05
4.583779815262407064e+05
4.583809278885126114e+05
4.583826194385737181e+05
4.583852761174440384e+05
4.583853972834497690e+05
4.583880705468505621e+05
4.583897255661487579e+05
4.583921288474351168e+05
4.583926234858334064e+05
4.583950717878192663e+05
4.583966964465230703e+05
4.583988940849304199e+05
4.583996783375144005e+05
4.584019389755874872e+05
4.584035538390427828e+05
4.584055696929097176e+05
4.584066192378699780e+05
4.584087012978494167e+05
4.584103098785430193e+05
4.584121978021711111e+05
4.584134190525412560e+05
4.584154008421152830e+05
4.584169872128516436e+05
4.584187774378657341e+05
4.584201277960985899e+05
4.584220034693181515e+05
4.584235818964242935e+05
4.584253009491860867e+05
4.584267460956275463e+05
4.584285401751399040e+05
4.584301044271439314e+05
4.584317912781238556e+05
4.584332848345488310e+05
4.584350157711058855e+05
4.584365830062478781e+05
4.584382259736955166e+05
4.584397534423321486e+05
4.584414399271011353e+05
4.584430020116120577e+05
4.584446159094870090e+05
4.584461643009483814e+05
4.584478034711480141e+05
4.584493724917024374e+05
4.584509663649350405e+05
4.584525181719958782e+05
4.584541344425678253e+05
4.584556925308406353e+05
4.584572751859724522e+05
4.584588269552439451e+05
4.584604199593067169e+05
4.584619722431600094e+05
4.584635428134351969e+05
4.584650938972979784e+05
4.584666679901927710e+05
4.584682140033096075e+05
4.584697698708772659e+05
4.584713199821263552e+05
4.584728786550462246e+05
4.584744146526157856e+05
4.584759637700766325e+05
4.584775051169246435e+05
4.584790542789250612e+05
4.584805819562226534e+05
4.584821232190728188e+05
4.584836562383919954e+05
4.584851899618357420e+05
4.584867110043466091e+05
4.584882270159721375e+05
4.584897638507187366e+05
4.584912879023849964e+05
4.584928058380931616e+05
4.584943277674913406e+05
4.584958435111343861e+05
4.584973611835241318e+05
4.584988779454380274e+05
4.585003913318663836e+05
4.585019046718925238e+05
4.585034128901511431e+05
4.585049164791107178e+05
4.585064205391407013e+05
4.585079253569096327e+05
4.585094325849115849e+05
4.585109320547729731e+05
4.585124279239624739e+05
4.585139317434877157e+05
4.585154260372668505e+05
4.585169184452891350e+05
4.585184108873456717e+05
4.585199052135944366e+05
4.585213935944288969e+05
4.585228770623058081e+05
4.585243654973208904e+05
4.585258588312715292e+05
4.585273350374400616e+05
4.585288222182542086e+05
4.585303002875447273e+05
4.585317830407321453e+05
4.585332589513808489e+05
4.585347373437285423e+05
4.585362125897556543e+05
4.585376898062676191e+05
4.585391561116278172e+05
4.585406299467980862e+05
4.585421011279970407e+05
4.585435683140903711e+05
4.585450385247170925e+05
4.585465051515996456e+05
4.585479671055525541e+05
4.585494292619824409e+05
4.585508967605680227e+05
4.585523565516918898e+05
4.585538147993385792e+05
4.585552738472670317e+05
4.585567325271368027e+05
4.585581908541023731e+05
4.585596412652432919e+05
4.585611011337637901e+05
4.585625566357970238e+05
4.585640067095160484e+05
4.585654599970132113e+05
4.585669063837230206e+05
4.585683557306975126e+05
4.585698004564940929e+05
4.585712545952200890e+05
4.585726972462534904e+05
4.585741363116502762e+05
4.585755832621455193e+05
4.585770238349437714e+05
4.585784651670902967e+05
4.585799055809527636e+05
4.585813420881778002e+05
4.585827850902527571e+05
4.585842202959805727e+05
4.585856556913405657e+05
4.585870913553535938e+05
4.585885252806544304e+05
4.585899591516256332e+05
4.585913892251700163e+05
4.585928197701275349e+05
4.585942493699043989e+05
4.585956799323111773e+05
4.585971074838489294e+05
4.585985346807986498e+05
4.585999623419642448e+05
4.586013912619203329e+05
4.586028137758374214e+05
4.586042381510287523e+05
4.586056581761389971e+05
4.586070838237702847e+05
4.586085054279863834e+05
4.586099281159937382e+05
4.586113491527289152e+05
4.586127651071548462e+05
4.586141824107170105e+05
4.586155995167195797e+05
4.586170185264050961e+05
4.586184262775480747e+05
4.586198421283513308e+05
4.586212618574500084e+05
4.586226716506630182e+05
4.586240862914472818e+05
4.586255010848343372e+05
4.586269079826027155e+05
4.586283225442171097e+05
4.586297333333939314e+05
4.586311429410874844e+05
4.586325505354404449e+05
4.586339569423049688e+05
4.586353693142235279e+05
4.586367718342244625e+05
4.586381729198694229e+05
4.586395802207142115e+05
4.586409796776026487e+05
4.586423866652697325e+05
4.586437896672487259e+05
4.586451933072209358e+05
4.586465922459959984e+05
4.586479934138059616e+05
4.586493938657492399e+05
4.586507962940931320e+05
4.586521928675323725e+05
4.586535914397686720e+05
4.586549871800541878e+05
4.586563849561661482e+05
4.586577787745296955e+05
4.586591765074729919e+05
4.586605673333406448e+05
4.586619676232188940e+05
4.586633580266535282e+05
4.586647538941353559e+05
4.586661458690017462e+05
4.586675380493700504e+05
4.586689251995682716e+05
4.586703173316568136e+05
4.586717113998085260e+05
4.586730999523550272e+05
4.586744929476678371e+05
4.586758772536367178e+05
4.586772669666707516e+05
4.586786544139981270e+05
4.586800391805171967e+05
4.586814279013127089e+05
4.586828093103766441e+05
4.586841984893530607e+05
4.586855821711719036e+05
4.586869653451442719e+05
4.586883506928682327e+05
4.586897310471981764e+05
4.586911187616735697e+05
4.586924988058358431e+05
4.586938772714585066e+05
4.586952601232975721e+05
4.586966422367841005e+05
4.586980199650228024e+05
4.586993995682746172e+05
4.587007807602286339e+05
4.587021584292352200e+05
4.587035368821024895e+05
4.587049152020215988e+05
4.587062923959493637e+05
4.587076682077199221e+05
4.587090442166179419e+05
4.587104201577007771e+05
4.587117967321276665e+05
4.587131710428595543e+05
4.587145466230213642e+05
4.587159202365726233e+05
4.587172908043861389e+05
4.587186661070138216e+05
4.587200389832407236e+05
4.587214104268997908e+05
4.587227831871956587e+05
4.587241565452814102e+05
4.587255233270078897e+05
4.587268954203873873e+05
4.587282662545144558e+05
4.587296351389735937e+05
4.587310029153227806e+05
4.587323702698200941e+05
4.587337389632016420e+05
4.587351064269542694e+05
4.587364766990989447e+05
4.587378389435112476e+05
4.587392084800451994e+05
4.587405757308602333e+05
4.587419393200129271e+05
4.587433055606484413e+05
4.587446699566990137e+05
4.587460370715856552e+05
4.587473999345302582e+05
4.587487635938376188e+05
4.587501263030022383e+05
4.587514875421971083e+05
4.587528494800627232e+05
4.587542119186669588e+05
4.587555782037377357e+05
4.587569401009231806e+05
4.587582994470000267e+05
4.587596630996167660e+05
4.587610242952406406e+05
4.587623867556005716e+05
4.587637458373606205e+05
4.587651051910519600e+05
4.587664644646197557e+05
4.587678250659108162e+05
4.587691855309009552e+05
4.587705408269613981e+05
4.587719000518023968e+05
4.587732600543200970e+05
4.587746184578090906e+05
4.587759766617864370e+05
4.587773339520394802e+05
4.587786925035715103e+05
4.587800489111542702e+05
4.587814031831920147e+05
4.587827621461153030e+05
4.587841156847178936e+05
4.587854696965962648e+05
4.587868265686631203e+05
4.587881776745766401e+05
4.587895327749550343e+05
4.587908886021822691e+05
4.587922452204674482e+05
4.587935957034826279e+05
4.587949457868337631e+05
4.587963013463467360e+05
4.587976545222699642e+05
4.587990070572346449e+05
4.588003592425435781e+05
4.588017160772085190e+05
4.588030636976808310e+05
4.588044171572327614e+05
4.588057684935629368e+05
4.588071168203800917e+05
4.588084677625298500e+05
4.588098178888857365e+05
4.588111655565202236e+05
4.588125157312601805e+05
4.588138639529794455e+05
4.588152163108438253e+05
4.588165653558224440e+05
4.588179103244096041e+05
4.588192597337663174e+05
4.588206059045344591e+05
4.588219583596885204e+05
4.588233048535883427e+05
4.588246520399153233e+05
4.588260009352415800e+05
4.588273485330939293e+05
4.588286942608058453e+05
4.588300416567921638e+05
4.588313870030194521e+05
4.588327307321131229e+05
4.588340785327702761e+05
4.588354243890494108e+05
4.588367717218846083e+05
4.588381181264668703e+05
4.588394603173136711e+05
4.588408071361929178e+05
4.588421546203345060e+05
4.588434980320483446e+05
4.588448415150940418e+05
4.588461864048242569e+05
4.588475335918813944e+05
4.588488759125173092e+05
4.588502221103012562e+05
4.588515658616870642e+05
4.588529102069437504e+05
4.588542521394789219e+05
4.588555987966954708e+05
4.588569413926452398e+05
4.588582839077562094e+05
4.588596295618116856e+05
4.588609699705988169e+05
4.588623134779930115e+05
4.588636538800746202e+05
4.588649937469363213e+05
4.588663364152163267e+05
4.588676775185167789e+05
4.588690185641199350e+05
4.588703595421463251e+05
4.588716990891695023e+05
4.588730418241024017e+05
4.588743824113756418e+05
4.588757241804897785e+05
4.588770683097541332e+05
4.588784088525623083e+05
4.588797495281696320e+05
4.588810916507691145e+05
4.588824303379803896e+05
4.588837689525932074e+05
4.588851098582446575e+05
4.588864502070099115e+05
4.588877904130965471e+05
4.588891274685710669e+05
4.588904658968299627e+05
4.588918049307316542e+05
4.588931465495824814e+05
4.588944839249253273e+05
4.588958257527649403e+05
4.588971632059216499e+05
4.588985039375424385e+05
4.588998412691503763e+05
4.589011804313361645e+05
4.589025182264000177e+05
4.589038547329604626e+05
4.589051935781389475e+05
4.589065316860079765e+05
4.589078670775592327e+05
4.589092045468986034e+05
4.589105441499948502e+05
4.589118765887767076e+05
4.589132182271480560e+05
4.589145527837276459e+05
4.589158877750784159e+05
4.589172268313318491e+05
4.589185666187703609e+05
4.589199022285640240e+05
4.589212374262064695e+05
4.589225761955827475e+05
4.589239080309122801e+05
4.589252465714961290e+05
4.589265822244733572e+05
4.589279150043129921e+05
4.589292526964098215e+05
4.589305893670022488e+05
4.589319228949397802e+05
4.589332594222724438e+05
4.589345969450175762e+05
4.589359319549351931e+05
4.589372668045759201e+05
4.589385999777019024e+05
4.589399354483485222e+05
4.589412682798355818e+05
4.589426031475514174e+05
4.589439387116134167e+05
4.589452749139368534e+05
4.589466061497926712e+05
4.589479418345540762e+05
4.589492755684405565e+05
4.589506128700375557e+05
4.589519442312568426e+05
4.589532777031660080e+05
4.589546114901900291e+05
4.589559485566020012e+05
4.589572811703234911e+05
4.589586166629195213e+05
4.589599518718570471e+05
4.589612885770201683e+05
4.589626216215789318e+05
4.589639568490535021e+05
4.589652897998243570e+05
4.589666218736916780e+05
4.589679553839713335e+05
4.589692893156260252e+05
4.589706200506687164e+05
4.589719518226981163e+05
4.589732870362699032e+05
4.589746195756047964e+05
4.589759521380066872e+05
4.589772860844731331e+05
4.589786192880570889e+05
4.589799533105045557e+05
4.589812856899052858e+05
4.589826191246360540e+05
4.589839535740762949e+05
4.589852874633669853e+05
4.589866204195618629e+05
4.589879521714448929e+05
4.589892840508818626e+05
4.589906173466295004e+05
4.589919499340802431e+05
4.589932836421132088e+05
4.589946168320477009e+05
4.589959486088603735e+05
4.589972799919843674e+05
4.589986114722490311e+05
4.589999458693265915e+05
4.590012768634855747e+05
4.590026091288924217e+05
4.590039405431598425e+05
4.590052735314518213e+05
4.590066047026067972e+05
4.590079356227070093e+05
4.590092692926675081e+05
4.590106013497412205e+05
4.590119335037916899e+05
4.590132644499093294e+05
4.590145954262018204e+05
4.590159294857829809e+05
4.590172608661055565e+05
4.590185949492156506e+05
4.590199265858232975e+05
4.590212581147402525e+05
4.590225897950530052e+05
4.590239226814657450e+05
4.590252540556639433e+05
4.590265857162028551e+05
4.590279195018410683e+05
4.590292513161152601e+05
4.590305825071930885e+05
4.590319150656610727e+05
4.590332487298548222e+05
4.590345764753520489e+05
4.590359087162762880e+05
4.590372420028597116e+05
4.590385726619809866e+05
4.590399047380983829e+05
4.590412351603209972e+05
4.590425655124038458e+05
4.590438985456973314e+05
4.590452297469079494e+05
4.590465633865296841e+05
4.590478959188312292e+05
4.590492263579368591e+05
4.590505600593388081e+05
4.590518924253731966e+05
4.590532213320434093e+05
4.590545545323342085e+05
4.590558832983076572e+05
4.590572152264267206e+05
4.590585462441742420e+05
4.590598792135715485e+05
4.590612098325937986e+05
4.590625420716851950e+05
4.590638722563534975e+05
4.590652044362574816e+05
4.590665346292853355e+05
4.590678694482892752e+05
4.590692020646333694e+05
4.590705329032838345e+05
4.590718656140118837e+05
4.590731960488259792e+05
4.590745276490896940e+05
4.590758576726168394e+05
4.590771920661777258e+05
4.590785247700959444e+05
4.590798567297607660e+05
4.590811878439337015e+05
4.590825204611122608e+05
4.590838526872694492e+05
4.590851839496940374e+05
4.590865159758031368e+05
4.590878458637744188e+05
4.590891783319860697e+05
4.590905108381509781e+05
4.590918437842577696e+05
4.590931743433624506e+05
4.590945053063929081e+05
4.590958385121673346e+05
4.590971719098538160e+05
4.590985026255995035e+05
4.590998320320397615e+05
4.591011626275330782e+05
4.591024942679554224e+05
4.591038305041790009e+05
4.591051620286703110e+05
4.591064934039860964e+05
4.591078265150040388e+05
4.591091595237255096e+05
4.591104897650629282e+05
4.591118224678337574e+05
4.591131529631763697e+05
4.591144844345301390e+05
4.591158174216896296e+05
4.591171516074091196e+05
4.591184803668707609e+05
4.591198157843202353e+05
4.591211473284512758e+05
4.591224821561425924e+05
4.591238127049654722e+05
4.591251469785720110e+05
4.591264764008224010e+05
4.591278097012788057e+05
4.591291420952528715e+05
4.591304742612242699e+05
4.591318072938919067e+05
4.591331411254853010e+05
4.591344719350785017e+05
4.591358032408654690e+05
4.591371356665045023e+05
4.591384688060432673e+05
4.591398004652708769e+05
4.591411350519210100e+05
4.591424663414210081e+05
4.591438000825941563e+05
4.591451335435956717e+05
4.591464679819792509e+05
4.591478002360910177e+05
4.591491349086314440e+05
4.591504661312103271e+05
4.591518007823377848e+05
4.591531329576075077e+05
4.591544665848910809e+05
4.591557985126227140e+05
4.591571308110952377e+05
4.591584635758250952e+05
4.591597966311872005e+05
4.591611282569020987e+05
4.591624621501415968e+05
4.591637949852198362e+05
4.591651280253678560e+05
4.591664609665572643e+05
4.591677935231029987e+05
4.591691262992322445e+05
4.591704569690972567e+05
4.591717915614992380e+05
4.591731233743429184e+05
4.591744562914520502e+05
4.591757891758680344e+05
4.591771230979412794e+05
4.591784537016153336e+05
4.591797871796637774e+05
4.591811205170899630e+05
4.591824548878222704e+05
4.591837869358956814e+05
4.591851153601408005e+05
4.591864493372440338e+05
4.591877824929207563e+05
4.591891146454215050e+05
4.591904493288993835e+05
4.591917813060581684e+05
4.591931149789690971e+05
4.591944483353942633e+05
4.591957801140993834e+05
4.591971124908328056e+05
4.591984467411041260e+05
4.591997789708077908e+05
4.592011126481443644e+05
4.592024466167986393e+05
4.592037788329869509e+05
4.592051123165935278e+05
4.592064441120028496e+05
4.592077761994898319e+05
4.592091106282919645e+05
4.592104427505880594e+05
4.592117757961004972e+05
4.592131102236807346e+05
4.592144434380978346e+05
4.592157802218347788e+05
4.592171128262430429e+05
4.592184434382766485e+05
4.592197760302573442e+05
4.592211093684285879e+05
4.592224441051036119e+05
4.592237776121795177e+05
4.592251123714148998e+05
4.592264449125677347e+05
4.592277791435867548e+05
4.592291143790334463e+05
4.592304486140608788e+05
4.592317815184742212e+05
4.592331149973273277e+05
4.592344483896642923e+05
4.592357832756638527e+05
4.592371159849166870e+05
4.592384499599486589e+05
4.592397856435775757e+05
4.592411184266209602e+05
4.592424533957988024e+05
4.592437851982861757e+05
4.592451206654757261e+05
4.592464549684077501e+05
4.592477880504280329e+05
4.592491217905879021e+05
4.592504578689932823e+05
4.592517931376993656e+05
4.592531272046118975e+05
4.592544619354307652e+05
4.592557981353104115e+05
4.592571328063309193e+05
4.592584657397121191e+05
4.592598013977855444e+05
4.592611350876241922e+05
4.592624698863625526e+05
4.592638043015748262e+05
4.592651374708265066e+05
4.592664731287658215e+05
4.592678079510927200e+05
4.592691444823145866e+05
4.592704798455536366e+05
4.592718145238757133e+05
4.592731504754126072e+05
4.592744853070229292e+05
4.592758231833875179e+05
4.592771602373123169e+05
4.592784966793656349e+05
4.592798327763229609e+05
4.592811675019711256e+05
4.592825051863789558e+05
4.592838425152897835e+05
4.592851778710782528e+05
4.592865127278119326e+05
4.592878511966764927e+05
4.592891872531175613e+05
4.592905241658091545e+05
4.592918620349764824e+05
4.592931996545493603e+05
4.592945365066975355e+05
4.592958725775629282e+05
4.592972086383402348e+05
4.592985456764101982e+05
4.592998824043273926e+05
4.593012206757664680e+05
4.593025567167103291e+05
4.593038956566601992e+05
4.593052328802198172e+05
4.593065710341781378e+05
4.593079093057513237e+05
4.593092477310597897e+05
4.593105834089368582e+05
4.593119214566051960e+05
4.593132577249258757e+05
4.593145923836231232e+05
4.593159326762855053e+05
4.593172707493901253e+05
4.593186086304783821e+05
4.593199467363059521e+05
4.593212854480892420e+05
4.593226217186003923e+05
4.593239616818726063e+05
4.593252971732914448e+05
4.593266376764178276e+05
4.593279769460558891e+05
4.593293158068954945e+05
4.593306534022539854e+05
4.593319927259236574e+05
4.593333300613164902e+05
4.593346717011630535e+05
4.593360082227587700e+05
4.593373482490181923e+05
4.593386893944442272e+05
4.593400257400721312e+05
4.593413649828732014e+05
4.593427048898190260e+05
4.593440426548123360e+05
4.593453804810643196e+05
4.593467211342900991e+05
4.593480612747222185e+05
4.593494004413038492e+05
4.593507414523214102e+05
4.593520800057798624e+05
4.593534189295619726e+05
4.593547604341059923e+05
4.593560998928546906e+05
4.593574405081868172e+05
4.593587797505557537e+05
4.593601201595216990e+05
4.593614597920626402e+05
4.593628010216802359e+05
4.593641386861801147e+05
4.593654816030412912e+05
4.593668219443708658e+05
4.593681609652787447e+05
4.593695043613612652e+05
4.593708427288234234e+05
4.593721856739223003e+05
4.593735252682864666e+05
4.593748648207783699e+05
4.593762053487002850e+05
4.593775476608425379e+05
4.593788901303410530e+05
4.593802303010821342e+05
4.593815709300041199e+05
4.593829120251834393e+05
4.593842551516443491e+05
4.593855974118113518e+05
4.593869383637160063e+05
4.593882805357575417e+05
4.593896216839253902e+05
4.593909637344479561e+05
4.593923083727210760e+05
4.593936506788879633e+05
4.593949926496148109e+05
4.593963350672572851e+05
4.593976796115189791e+05
4.593990221739113331e+05
4.594003663884401321e+05
4.594017103290855885e+05
4.594030525202006102e+05
4.594043960958272219e+05
4.594057397525608540e+05
4.594070834030061960e+05
4.594084286784529686e+05
4.594097743871062994e+05
4.594111180277466774e+05
4.594124623099416494e+05
4.594138043400794268e+05
4.594151478262990713e+05
4.594164919390827417e+05
4.594178362300097942e+05
4.594191789261102676e+05
4.594205220060944557e+05
4.594218657538890839e+05
4.594232121250629425e+05
4.594245555058717728e+05
4.594259015769213438e+05
4.594272446452528238e+05
4.594285877894014120e+05
4.594299325901120901e+05
4.594312780825793743e+05
4.594326230305731297e+05
4.594339700830429792e+05
4.594353133028298616e+05
4.594366598259210587e+05
4.594380059240758419e+05
4.594393496595472097e+05
4.594406940693259239e+05
4.594420403619557619e+05
4.594433861683458090e+05
4.594447305925935507e+05
4.594460773916244507e+05
4.594474258424639702e+05
4.594487725418061018e+05
4.594501176617443562e+05
4.594514623926728964e+05
4.594528100738972425e+05
4.594541553286314011e+05
4.594555018019527197e+05
4.594568466192483902e+05
4.594581935544162989e+05
4.594595401573479176e+05
4.594608866612613201e+05
4.594622342119067907e+05
4.594635824210196733e+05
4.594649293782413006e+05
4.594662741426676512e+05
4.594676192156970501e+05
4.594689679330140352e+05
4.594703160354048014e+05
4.594716639373153448e+05
4.594730102525055408e+05
4.594743600938171148e+05
4.594757071370035410e+05
4.594770548463314772e+05
4.594784023073464632e+05
4.594797503591626883e+05
4.594810996476113796e+05
4.594824466070085764e+05
4.594837961429208517e+05
4.594851441162228584e+05
4.594864919590502977e+05
4.594878418693244457e+05
4.594891890912353992e+05
4.594905377409458160e+05
4.594918886168748140e+05
4.594932387398779392e+05
4.594945868967026472e+05
4.594959365650713444e+05
4.594972849905341864e+05
4.594986331699192524e+05
4.594999828481078148e+05
4.595013322086781263e+05
4.595026814938187599e+05
4.595040311399400234e+05
4.595053793285191059e+05
4.595067278102189302e+05
4.595080766008049250e+05
4.595094244237542152e+05
4.595107743646949530e+05
4.595121242122203112e+05
4.595134739027023315e+05
4.595148232534825802e+05
4.595161740243881941e+05
4.595175243619084358e+05
4.595188732270747423e+05
4.595202217448055744e+05
4.595215704608112574e+05
4.595229192698150873e+05
4.595242685968577862e+05
4.595256189867854118e+05
4.595269697281420231e+05
4.595283171794712543e+05
4.595296679573357105e+05
4.595310173173099756e+05
4.595323680889755487e+05
4.595337175085246563e+05
4.595350665889084339e+05
4.595364157801568508e+05
4.595377685527205467e+05
4.595391182355731726e+05
4.595404684432744980e+05
4.595418167325407267e+05
4.595431679338514805e+05
4.595445182030797005e+05
4.595458682642728090e+05
4.595472186246812344e+05
4.595485678918957710e+05
4.595499166147708893e+05
4.595512682984471321e+05
4.595526193858385086e+05
4.595539675010740757e+05
4.595553164379745722e+05
4.595566663813292980e+05
4.595580170244723558e+05
4.595593675742149353e+05
4.595607166503369808e+05
4.595620670032203197e+05
4.595634158882945776e+05
4.595647663873732090e+05
4.595661149337440729e+05
4.595674632288217545e+05
4.595688127385526896e+05
4.595701604252606630e+05
4.595715119684189558e+05
4.595728606932759285e+05
4.595742101878076792e+05
4.595755595864802599e+05
4.595769081439226866e+05
4.595782577810734510e+05
4.595796072290539742e+05
4.595809562087804079e+05
4.595823050926774740e+05
4.595836543737947941e+05
4.595850030668526888e+05
4.595863526859879494e+05
4.595877008018493652e+05
4.595890509869903326e+05
4.595903996801823378e+05
4.595917468435764313e+05
4.595930963137298822e+05
4.595944434555917978e+05
4.595957930332869291e+05
4.595971423738747835e+05
4.595984898603856564e+05
4.595998369791656733e+05
4.596011862410902977e+05
4.596025371134281158e+05
4.596038829945474863e+05
4.596052325350940228e+05
4.596065796986222267e+05
4.596079293590635061e+05
4.596092773020863533e+05
4.596106246081441641e+05
4.596119695913642645e+05
4.596133184507787228e+05
4.596146668444722891e+05
4.596160119993537664e+05
4.596173596910089254e+05
4.596187064065784216e+05
4.596200529412478209e+05
4.596213999272435904e+05
4.596227471273690462e+05
4.596240946656614542e+05
4.596254403604418039e+05
4.596267883173525333e+05
4.596281357078701258e+05
4.596294803139418364e+05
4.596308246176987886e+05
4.596321695263385773e+05
4.596335164056867361e+05
4.596348623731285334e+05
4.596362087705731392e+05
4.596375542446076870e+05
4.596389017591327429e+05
4.596402468191683292e+05
4.596415923432111740e+05
4.596429350294321775e+05
4.596442822726666927e+05
4.596456274956464767e+05
4.596469729824215174e+05
4.596483175561279058e+05
4.596496611109226942e+05
4.596510053456276655e+05
4.596523501514047384e+05
4.596536939241141081e+05
4.596550379166007042e+05
4.596563829165697098e+05
4.596577271561473608e+05
4.596590710232257843e+05
4.596604139798581600e+05
4.596617564707845449e+05
4.596630977149456739e+05
4.596644409920275211e+05
4.596657831689417362e+05
4.596671295844763517e+05
4.596684720155298710e+05
4.596698142200410366e+05
4.596711579118520021e+05
4.596724991400986910e+05
4.596738403103500605e+05
4.596751839671134949e+05
4.596765233337283134e+05
4.596778660235404968e+05
4.596792067376971245e+05
4.596805490392297506e+05
4.596818903452008963e+05
4.596832325208932161e+05
4.596845722879469395e+05
4.596859134018719196e+05
4.596872539569437504e+05
4.596885954194813967e+05
4.596899353187829256e+05
4.596912750129550695e+05
4.596926155935823917e+05
4.596939540490210056e+05
4.596952922165691853e+05
4.596966309323310852e+05
4.596979696896821260e+05
4.596993077686429024e+05
4.597006466401666403e+05
4.597019849536418915e+05
4.597033205925673246e+05
4.597046592114865780e+05
4.597059963002055883e+05
4.597073322960138321e+05
4.597086701869815588e+05
4.597100067384243011e+05
4.597113443003445864e+05
4.597126816616207361e+05
4.597140150209218264e+05
4.597153526739925146e+05
4.597166900597959757e+05
4.597180275770425797e+05
4.597193616524338722e+05
4.597206966698318720e+05
4.597220319282561541e+05
4.597233663035035133e+05
4.597246996349990368e+05
4.597260348508059978e+05
4.597273697948753834e+05
4.597287034707963467e+05
4.597300369881391525e+05
4.597313723958283663e+05
4.597327059124708176e+05
4.597340386710017920e+05
4.597353709999322891e+05
4.597367023498117924e+05
4.597380346246063709e+05
4.597393657440841198e+05
4.597406989142000675e+05
4.597420306397378445e+05
4.597433627217262983e+05
4.597446932660341263e+05
4.597460255185216665e+05
4.597473570344448090e+05
4.597486880577504635e+05
4.597500166168510914e+05
4.597513456715345383e+05
4.597526751093715429e+05
4.597540053950101137e+05
4.597553361599892378e+05
4.597566651003807783e+05
4.597579912305921316e+05
4.597593198356628418e+05
4.597606476362943649e+05
4.597619763410091400e+05
4.597633039825409651e+05
4.597646299252510071e+05
4.597659587561339140e+05
4.597672850740998983e+05
4.597686117793768644e+05
4.597699378334879875e+05
4.597712641158550978e+05
4.597725892716199160e+05
4.597739152032136917e+05
4.597752417633235455e+05
4.597765664462447166e+05
4.597778903608024120e+05
4.597792137102484703e+05
4.597805373542308807e+05
4.597818620212674141e+05
4.597831838530302048e+05
4.597845057572573423e+05
4.597858285500407219e+05
4.597871519356220961e+05
4.597884727891087532e+05
4.597897971781492233e+05
4.597911184324473143e+05
4.597924391490072012e+05
4.597937583637684584e+05
4.597950784288644791e+05
4.597963983877450228e+05
4.597977193732112646e+05
4.597990376662015915e+05
4.598003576996922493e+05
4.598016779237091541e+05
4.598029955497384071e+05
4.598043149017542601e+05
4.598056312973499298e+05
4.598069490353763103e+05
4.598082679948061705e+05
4.598095829351842403e+05
4.598108983755409718e+05
4.598122132215797901e+05
4.598135295837968588e+05
4.598148445907086134e+05
4.598161582171469927e+05
4.598174735982269049e+05
4.598187873820662498e+05
4.598200994064062834e+05
4.598214127601683140e+05
4.598227251965999603e+05
4.598240383274704218e+05
4.598253503062725067e+05
4.598266614358574152e+05
4.598279720406979322e+05
4.598292828625142574e+05
4.598305941465795040e+05
4.598319052446037531e+05
4.598332150658965111e+05
4.598345237795263529e+05
4.598358327134251595e+05
4.598371430758535862e+05
4.598384518090486526e+05
4.598397602011859417e+05
4.598410675431042910e+05
4.598423745619654655e+05
4.598436810462027788e+05
4.598449862740933895e+05
4.598462932542413473e+05
4.598475981515496969e+05
4.598489035165756941e+05
4.598502079548984766e+05
4.598515116174966097e+05
4.598528153257519007e+05
4.598541177637428045e+05
4.598554224575608969e+05
4.598567261197715998e+05
4.598580288632959127e+05
4.598593301496654749e+05
4.598606309088766575e+05
4.598619320582747459e+05
4.598632325835376978e+05
4.598645326840132475e+05
4.598658324656635523e+05
4.598671317543685436e+05
4.598684295317977667e+05
4.598697286279201508e+05
4.598710258526802063e+05
4.598723232121169567e+05
4.598736201401352882e+05
4.598749173448532820e+05
4.598762129624933004e+05
4.598775077122598886e+05
4.598788016901612282e+05
4.598800952411442995e+05
4.598813909805119038e+05
4.598826838509738445e+05
4.598839766875952482e+05
4.598852690806984901e+05
4.598865600199997425e+05
4.598878525211215019e+05
4.598891419626176357e+05
4.598904332485347986e+05
4.598917231639772654e+05
4.598930116780102253e+05
4.598943013185113668e+05
4.598955893398374319e+05
4.598968780854791403e+05
4.598981656613498926e+05
4.598994529348015785e+05
4.599007393035143614e+05
4.599020259462296963e+05
4.599033129604309797e+05
4.599045971277803183e+05
4.599058818023800850e+05
4.599071649575829506e+05
4.599084484749585390e+05
4.599097333461791277e+05
4.599110148340016603e+05
4.599122942869663239e+05
4.599135757128000259e+05
4.599148566156774759e+05
4.599161347436159849e+05
4.599174150062352419e+05
4.599186938937902451e+05
4.599199720151126385e+05
4.599212486106008291e+05
4.599225246619433165e+05
4.599238012971132994e+05
4.599250786838680506e+05
4.599263547902256250e+05
4.599276295641213655e+05
4.599289042831957340e+05
4.599301777632236481e+05
4.599314519009739161e+05
4.599327246449738741e+05
4.599339966487586498e+05
4.599352692103981972e+05
4.599365408013761044e+05
4.599378117026090622e+05
4.599390817179977894e+05
4.599403512511551380e+05
4.599416198765188456e+05
4.599428879444003105e+05
4.599441551408916712e+05
4.599454225447475910e+05
4.599466886456757784e+05
4.599479552864581347e+05
4.599492193736732006e+05
4.599504835773855448e+05
4.599517480972409248e+05
4.599530123409032822e+05
4.599542761178463697e+05
4.599555390874147415e+05
4.599568006048351526e+05
4.599580621499121189e+05
4.599593208143264055e+05
4.599605822158008814e+05
4.599618422199636698e+05
4.599630989364236593e+05
4.599643570159673691e+05
4.599656134933531284e+05
4.599668728404939175e+05
4.599681280692964792e+05
4.599693834835290909e+05
4.599706388050764799e+05
4.599718926965296268e+05
4.599731468635648489e+05
4.599744010236561298e+05
4.599756521399170160e+05
4.599769037299156189e+05
4.599781557088196278e+05
4.599794055157005787e+05
4.599806551588326693e+05
4.599819038838148117e+05
4.599831527364104986e+05
4.599844002880305052e+05
4.599856487545222044e+05
4.599868964986652136e+05
4.599881410649716854e+05
4.599893867264091969e+05
4.599906304474622011e+05
4.599918744378536940e+05
4.599931175482869148e+05
4.599943603746294975e+05
4.599956028543114662e+05
4.599968438969999552e+05
4.599980827070325613e+05
4.599993217318058014e+05
4.600005595857501030e+05
4.600017954824864864e+05
4.600030314923375845e+05
4.600042670828104019e+05
4.600055015593320131e+05
4.600067359998524189e+05
4.600079683727622032e+05
4.600092024335861206e+05
4.600104356624335051e+05
4.600116663960367441e+05
4.600128958327323198e+05
4.600141261338591576e+05
4.600153553680181503e+05
4.600165852808654308e+05
4.600178125036805868e+05
4.600190403360426426e+05
4.600202658428698778e+05
4.600214911675304174e+05
4.600227152937650681e+05
4.600239398251622915e+05
4.600251616779118776e+05
4.600263842380195856e+05
4.600276068177521229e+05
4.600288277758657932e+05
4.600300485178828239e+05
4.600312673652023077e+05
4.600324853510409594e+05
4.600337021076679230e+05
4.600349196919947863e+05
4.600361346630752087e+05
4.600373495919406414e+05
4.600385656014680862e+05
4.600397802289426327e+05
4.600409919422268867e+05
4.600422038625776768e+05
4.600434154169559479e+05
4.600446255258917809e+05
4.600458347483277321e+05
4.600470435637235641e+05
4.600482505370229483e+05
4.600494567966610193e+05
4.600506628119498491e+05
4.600518691583424807e+05
4.600530725405812263e+05
4.600542747151553631e+05
4.600554761972576380e+05
4.600566786410510540e+05
4.600578797343820333e+05
4.600590783100724220e+05
4.600602757521271706e+05
4.600614715899825096e+05
4.600626681922078133e+05
4.600638657534718513e+05
4.600650604213327169e+05
4.600662548922300339e+05
4.600674474443346262e+05
4.600686417513042688e+05
4.600698328928798437e+05
4.600710223776996136e+05
4.600722120424807072e+05
4.600734000629633665e+05
4.600745879635065794e+05
4.600757760335206985e+05
4.600769615707695484e+05
4.600781466899514198e+05
4.600793309353291988e+05
4.600805143505036831e+05
4.600816977501958609e+05
4.600828792730718851e+05
4.600840613534003496e+05
4.600852413398474455e+05
4.600864205605536699e+05
4.600875995581895113e+05
4.600887750854641199e+05
4.600899504240006208e+05
4.600911263945251703e+05
4.600922999474108219e+05
4.600934737001955509e+05
4.600946446018666029e+05
4.600958166260272264e+05
4.600969872758388519e+05
4.600981564150750637e+05
4.600993244927376509e+05
4.601004912278056145e+05
4.601016581140011549e+05
4.601028232392966747e+05
4.601039875860959291e+05
4.601051505176573992e+05
4.601063136713057756e+05
4.601074748114049435e+05
4.601086351665258408e+05
4.601097942542135715e+05
4.601109532377272844e+05
4.601121105630993843e+05
4.601132667075544596e+05
4.601144217502027750e+05
4.601155774601399899e+05
4.601167306103259325e+05
4.601178826128095388e+05
4.601190330242216587e+05
4.601201827261149883e+05
4.601213313291966915e+05
4.601224802339375019e+05
4.601236271532028913e+05
4.601247722811698914e+05
4.601259159538000822e+05
4.601270603613853455e+05
4.601282007560431957e+05
4.601293415569216013e+05
4.601304818422645330e+05
4.601316229096055031e+05
4.601327599703073502e+05
4.601338963235914707e+05
4.601350323942601681e+05
4.601361664958298206e+05
4.601373002729564905e+05
4.601384327290803194e+05
4.601395641019493341e+05
4.601406950777918100e+05
4.601418236187696457e+05
4.601429517492353916e+05
4.601440796017944813e+05
4.601452051313370466e+05
4.601463289317786694e+05
4.601474529047310352e+05
4.601485760199576616e+05
4.601496975888013840e+05
4.601508169719874859e+05
4.601519353146106005e+05
4.601530540941059589e+05
4.601541701717376709e+05
4.601552855449318886e+05
4.601563997193276882e+05
4.601575113765448332e+05
4.601586226394772530e+05
4.601597326465100050e+05
4.601608417425602674e+05
4.601619506329447031e+05
4.601630580164790154e+05
4.601641646610498428e+05
4.601652696161717176e+05
4.601663735647499561e+05
4.601674762414395809e+05
4.601685771873146296e+05
4.601696774215996265e+05
4.601707757209688425e+05
4.601718732212185860e+05
4.601729692933708429e+05
4.601740632173120975e+05
4.601751571412980556e+05
4.601762495630234480e+05
4.601773393438309431e+05
4.601784293432533741e+05
4.601795172821730375e+05
4.601806038267761469e+05
4.601816897180825472e+05
4.601827736704051495e+05
4.601838561762422323e+05
4.601849383550435305e+05
4.601860185327380896e+05
4.601870960026234388e+05
4.601881747892498970e+05
4.601892514881789684e+05
4.601903271005749702e+05
4.601914016620963812e+05
4.601924747793376446e+05
4.601935467576384544e+05
4.601946173248887062e+05
4.601956856122761965e+05
4.601967535061240196e+05
4.601978190519660711e+05
4.601988835362941027e+05
4.601999458626359701e+05
4.602010082053542137e+05
4.602020675317049026e+05
4.602031273706704378e+05
4.602041862683594227e+05
4.602052426792532206e+05
4.602062984836846590e+05
4.602073519831001759e+05
4.602084041902273893e+05
4.602094551800638437e+05
4.602105036733746529e+05
4.602115508683472872e+05
4.602125971647650003e+05
4.602136423902660608e+05
4.602146882254779339e+05
4.602157302993535995e+05
4.602167714035063982e+05
4.602178111030608416e+05
4.602188492499440908e+05
4.602198847167789936e+05
4.602209200627803802e+05
4.602219542371630669e+05
4.602229874911308289e+05
4.602240174049586058e+05
4.602250472241342068e+05
4.602260758903622627e+05
4.602271028933227062e+05
4.602281275662183762e+05
4.602291512030214071e+05
4.602301742067188025e+05
4.602311953414231539e+05
4.602322155428677797e+05
4.602332343126684427e+05
4.602342502177953720e+05
4.602352641097158194e+05
4.602362779258489609e+05
4.602372904209941626e+05
4.602383010142743587e+05
4.602393085233122110e+05
4.602403152893334627e+05
4.602413217888474464e+05
4.602423255523443222e+05
4.602433283708244562e+05
4.602443298050165176e+05
4.602453291158825159e+05
4.602463262971341610e+05
4.602473217923641205e+05
4.602483169590085745e+05
4.602493110848218203e+05
4.602503027569204569e+05
4.602512926987707615e+05
4.602522813551723957e+05
4.602532681452333927e+05
4.602542538734376431e+05
4.602552360023558140e+05
4.602562186208069324e+05
4.602571985840946436e+05
4.602581769712269306e+05
4.602591544876098633e+05
4.602601298785507679e+05
4.602611021800935268e+05
4.602620731291919947e+05
4.602630429034829140e+05
4.602640115866661072e+05
4.602649804487377405e+05
4.602659460142105818e+05
4.602669091868698597e+05
4.602678706892877817e+05
4.602688310904204845e+05
4.602697897334098816e+05
4.602707463585734367e+05
4.602717016820758581e+05
4.602726552280038595e+05
4.602736085640341043e+05
4.602745593638122082e+05
4.602755066238790751e+05
4.602764534826427698e+05
4.602773990051597357e+05
4.602783421141505241e+05
4.602792838576734066e+05
4.602802238534986973e+05
4.602811618181616068e+05
4.602820998359620571e+05
4.602830345540642738e+05
4.602839672077298164e+05
4.602848981425911188e+05
4.602858263127803802e+05
4.602867535859495401e+05
4.602876786147058010e+05
4.602886043128669262e+05
4.602895252642929554e+05
4.602904473042786121e+05
4.602913648250252008e+05
4.602922818191200495e+05
4.602931970280706882e+05
4.602941100808531046e+05
4.602950221510082483e+05
4.602959318774938583e+05
4.602968395568132401e+05
4.602977452083826065e+05
4.602986494337916374e+05
4.602995508319735527e+05
4.603004504143744707e+05
4.603013484768867493e+05
4.603022437873482704e+05
4.603031382106840611e+05
4.603040305164009333e+05
4.603049202069938183e+05
4.603058081540316343e+05
4.603066952130049467e+05
4.603075809682607651e+05
4.603084648174047470e+05
4.603093443411290646e+05
4.603102242721468210e+05
4.603111014160066843e+05
4.603119771429002285e+05
4.603128498157113791e+05
4.603137224614471197e+05
4.603145923376679420e+05
4.603154596607238054e+05
4.603163253068476915e+05
4.603171888042986393e+05
4.603180503856092691e+05
4.603189104606062174e+05
4.603197677030563354e+05
4.603206231371909380e+05
4.603214758592993021e+05
4.603223275527358055e+05
4.603231768051683903e+05
4.603240246368050575e+05
4.603248693113178015e+05
4.603257129147797823e+05
4.603265531401932240e+05
4.603273926523327827e+05
4.603282299932092428e+05
4.603290657745748758e+05
4.603298982999622822e+05
4.603307308645099401e+05
4.603315599655061960e+05
4.603323860401809216e+05
4.603332110708504915e+05
4.603340331601351500e+05
4.603348539322316647e+05
4.603356717905551195e+05
4.603364885189235210e+05
4.603373024242669344e+05
4.603381143305301666e+05
4.603389239982068539e+05
4.603397327063679695e+05
4.603405380439162254e+05
4.603413416406661272e+05
4.603421423245221376e+05
4.603429411793649197e+05
4.603437377168089151e+05
4.603445322433412075e+05
4.603453250806629658e+05
4.603461152262985706e+05
4.603469025854468346e+05
4.603476880605816841e+05
4.603484712501019239e+05
4.603492540444880724e+05
4.603500331646054983e+05
4.603508100415170193e+05
4.603515841187387705e+05
4.603523568751066923e+05
4.603531279693394899e+05
4.603538966922461987e+05
4.603546619598716497e+05
4.603554260214865208e+05
4.603561873300522566e+05
4.603569459286034107e+05
4.603577019409686327e+05
4.603584569095522165e+05
4.603592091059982777e+05
4.603599586537927389e+05
4.603607059614956379e+05
4.603614511984884739e+05
4.603621942832171917e+05
4.603629348100274801e+05
4.603636723008453846e+05
4.603644085834473372e+05
4.603651423553079367e+05
4.603658734357357025e+05
4.603666012478023767e+05
4.603673271773010492e+05
4.603680520606935024e+05
4.603687735109776258e+05
4.603694935705512762e+05
4.603702105356305838e+05
4.603709244588464499e+05
4.603716369153559208e+05
4.603723471449762583e+05
4.603730549378097057e+05
4.603737596030086279e+05
4.603744624741077423e+05
4.603751616235077381e+05
4.603758588762432337e+05
4.603765547761023045e+05
4.603772476961612701e+05
4.603779369829297066e+05
4.603786239083111286e+05
4.603793083781152964e+05
4.603799909939914942e+05
4.603806703664511442e+05
4.603813474418073893e+05
4.603820220395922661e+05
4.603826960251331329e+05
4.603833661697059870e+05
4.603840330670475960e+05
4.603846992714852095e+05
4.603853611854314804e+05
4.603860211677551270e+05
4.603866785776317120e+05
4.603873324256241322e+05
4.603879846113622189e+05
4.603886339934766293e+05
4.603892801866233349e+05
4.603899252550750971e+05
4.603905660350918770e+05
4.603912046722918749e+05
4.603918403296917677e+05
4.603924730225950480e+05
4.603931028728932142e+05
4.603937310233861208e+05
4.603943562261015177e+05
4.603949796245098114e+05
4.603956003553718328e+05
4.603962182801365852e+05
4.603968332965523005e+05
4.603974453683793545e+05
4.603980528601109982e+05
4.603986598310470581e+05
4.603992638774365187e+05
4.603998659601509571e+05
4.604004638206809759e+05
4.604010604679584503e+05
4.604016533195525408e+05
4.604022443598657846e+05
4.604028326554447412e+05
4.604034178781509399e+05
4.604040001435875893e+05
4.604045793419480324e+05
4.604051560001671314e+05
4.604057289471477270e+05
4.604062995016723871e+05
4.604068680467009544e+05
4.604074330351799726e+05
4.604079953155219555e+05
4.604085553353279829e+05
4.604091123217195272e+05
4.604096656131595373e+05
4.604102161659747362e+05
4.604107641765773296e+05
4.604113100343942642e+05
4.604118524413853884e+05
4.604123913444280624e+05
4.604129281206578016e+05
4.604134615304917097e+05
4.604139918026030064e+05
4.604145197165161371e+05
4.604150440485477448e+05
4.604155659903287888e+05
4.604160858156979084e+05
4.604166019027829170e+05
4.604171140137761831e+05
4.604176232107877731e+05
4.604181305725276470e+05
4.604186348179429770e+05
4.604191363556087017e+05
4.604196349514871836e+05
4.604201289364546537e+05
4.604206211501806974e+05
4.604211105854958296e+05
4.604215972030758858e+05
4.604220808105021715e+05
4.604225607938766479e+05
4.604230379143506289e+05
4.604235111444741488e+05
4.604239820760190487e+05
4.604244504225552082e+05
4.604249135568439960e+05
4.604253750375956297e+05
4.604258333047181368e+05
4.604262878055274487e+05
4.604267396461963654e+05
4.604271893948763609e+05
4.604276344333887100e+05
4.604280772012025118e+05
4.604285158515125513e+05
4.604289524196535349e+05
4.604293847582936287e+05
4.604298139866888523e+05
4.604302410492151976e+05
4.604306643995344639e+05
4.604310841624587774e+05
4.604315013697147369e+05
4.604319145974218845e+05
4.604323244318068027e+05
4.604327318191230297e+05
4.604331357037425041e+05
4.604335373964011669e+05
4.604339343716204166e+05
4.604343290103077888e+05
4.604347195712774992e+05
4.604351069488674402e+05
4.604354917854368687e+05
4.604358722528666258e+05
4.604362501940876245e+05
4.604366249426752329e+05
4.604369959338754416e+05
4.604373631784915924e+05
4.604377277155518532e+05
4.604380872754156590e+05
4.604384453407227993e+05
4.604387994223833084e+05
4.604391507990509272e+05
4.604394977113157511e+05
4.604398412495106459e+05
4.604401816467940807e+05
4.604405182447880507e+05
4.604408523222953081e+05
4.604411815514862537e+05
4.604415083368718624e+05
4.604418320942968130e+05
4.604421515540778637e+05
4.604424670767039061e+05
4.604427792415022850e+05
4.604430882699042559e+05
4.604433931083530188e+05
4.604436943562477827e+05
4.604439919282346964e+05
4.604442866009920835e+05
4.604445779441744089e+05
4.604448658340424299e+05
4.604451490495800972e+05
4.604454298417270184e+05
4.604457072403877974e+05
4.604459804354161024e+05
4.604462493203878403e+05
4.604465149718672037e+05
4.604467770857214928e+05
4.604470362107902765e+05
4.604472903077006340e+05
4.604475412832647562e+05
4.604477881913483143e+05
4.604480316295325756e+05
4.604482716698497534e+05
4.604485079010576010e+05
4.604487401807904243e+05
4.604489681534916162e+05
4.604491928816288710e+05
4.604494135747253895e+05
4.604496305587291718e+05
4.604498444709181786e+05
4.604500538416951895e+05
4.604502603934407234e+05
4.604504633129537106e+05
4.604506613415181637e+05
4.604508560799360275e+05
4.604510460637807846e+05
4.604512327106744051e+05
4.604514154992848635e+05
4.604515941857099533e+05
4.604517689425498247e+05
4.604519396278262138e+05
4.604521054976433516e+05
4.604522689516544342e+05
4.604524288360029459e+05
4.604525833390504122e+05
4.604527352988719940e+05
4.604528826333880424e+05
4.604530259492248297e+05
4.604531647145748138e+05
4.604533005605787039e+05
4.604534315057545900e+05
4.604535583535879850e+05
4.604536809788495302e+05
4.604538002478480339e+05
4.604539142276346684e+05
4.604540247450619936e+05
4.604541310045272112e+05
4.604542334380447865e+05
4.604543312407433987e+05
4.604544259264767170e+05
4.604545160278677940e+05
4.604546020010858774e+05
4.604546827558130026e+05
4.604547609196603298e+05
4.604548339582532644e+05
4.604549028503149748e+05
4.604549677204191685e+05
4.604550272919088602e+05
4.604550837485939264e+05
4.604551357961595058e+05
4.604551833974868059e+05
4.604552265676707029e+05
4.604552653938531876e+05
4.604553005340695381e+05
4.604553300977200270e+05
4.604553558951914310e+05
4.604553773447424173e+05
4.604553948506414890e+05
4.604554074406623840e+05
4.604554150222837925e+05
4.604554188879877329e+05
4.604554175230711699e+05
4.604554128127992153e+05
4.604554035986661911e+05
4.604553892638236284e+05
4.604553710392117500e+05
4.604553474907428026e+05
4.604553191444426775e+05
4.604552872543632984e+05
4.604552507803738117e+05
4.604552097923010588e+05
4.604551635467708111e+05
4.604551138760000467e+05
4.604550578574836254e+05
4.604549972571879625e+05
4.604549326101541519e+05
4.604548633382022381e+05
4.604547896708101034e+05
4.604547118568867445e+05
4.604546285031288862e+05
4.604545404431372881e+05
4.604544470019638538e+05
4.604543494471460581e+05
4.604542465686798096e+05
4.604541387472301722e+05
4.604540257177948952e+05
4.604539076021760702e+05
4.604537858887314796e+05
4.604536595863252878e+05
4.604535270521044731e+05
4.604533897356390953e+05
4.604532477453052998e+05
4.604531009968966246e+05
4.604529486328065395e+05
4.604527917553335428e+05
4.604526296660155058e+05
4.604524621682912111e+05
4.604522905972748995e+05
4.604521132021248341e+05
4.604519310136586428e+05
4.604517436768710613e+05
4.604515508292615414e+05
4.604513525722026825e+05
4.604511494176238775e+05
4.604509422241151333e+05
4.604507286634892225e+05
4.604505095694810152e+05
4.604502858297228813e+05
4.604500575869977474e+05
4.604498227654993534e+05
4.604495828959643841e+05
4.604493381135463715e+05
4.604490873768031597e+05
4.604488323291391134e+05
4.604485713588446379e+05
4.604483052626997232e+05
4.604480330551713705e+05
4.604477542346417904e+05
4.604474723178148270e+05
4.604471828428953886e+05
4.604468891798853874e+05
4.604465892148315907e+05
4.604462831828743219e+05
4.604459712873995304e+05
4.604456541689336300e+05
4.604453321703374386e+05
4.604450041875094175e+05
4.604446709426641464e+05
4.604443315507173538e+05
4.604439860839247704e+05
4.604436344442814589e+05
4.604432759591192007e+05
4.604429117045700550e+05
4.604425425069928169e+05
4.604421676270514727e+05
4.604417866746336222e+05
4.604413996891975403e+05
4.604410063389539719e+05
4.604406062898486853e+05
4.604402014251798391e+05
4.604397894304394722e+05
4.604393717416077852e+05
4.604389485234469175e+05
4.604385187867432833e+05
4.604380841487348080e+05
4.604376405702084303e+05
4.604371923558115959e+05
4.604367377548962831e+05
4.604362766019105911e+05
4.604358097015917301e+05
4.604353352784365416e+05
4.604348539519309998e+05
4.604343669604510069e+05
4.604338730887174606e+05
4.604333729543834925e+05
4.604328664977103472e+05
4.604323524751067162e+05
4.604318315787017345e+05
4.604313049971759319e+05
4.604307716682851315e+05
4.604302325647026300e+05
4.604296854464113712e+05
4.604291314677298069e+05
4.604285705866366625e+05
4.604280023878365755e+05
4.604274278550595045e+05
4.604268450571447611e+05
4.604262557445764542e+05
4.604256597697585821e+05
4.604250564260780811e+05
4.604244458680450916e+05
4.604238281268924475e+05
4.604232031663656235e+05
4.604225711084604263e+05
4.604219305443912745e+05
4.604212831389755011e+05
4.604206275984942913e+05
4.604199656436890364e+05
4.604192949294894934e+05
4.604186180590987206e+05
4.604179325292557478e+05
4.604172393915802240e+05
4.604165388835072517e+05
4.604158304555565119e+05
4.604151140073984861e+05
4.604143902040719986e+05
4.604136570877283812e+05
4.604129166669547558e+05
4.604121673914790154e+05
4.604114106381088495e+05
4.604106464424878359e+05
4.604098737842887640e+05
4.604090930786877871e+05
4.604083019294142723e+05
4.604075036102682352e+05
4.604066968721598387e+05
4.604058807671815157e+05
4.604050568014532328e+05
4.604042245855778456e+05
4.604033815184980631e+05
4.604025298257172108e+05
4.604016707032322884e+05
4.604008020099699497e+05
4.603999250233173370e+05
4.603990373088866472e+05
4.603981416004449129e+05
4.603972357575744390e+05
4.603963204435706139e+05
4.603953964648842812e+05
4.603944634527415037e+05
4.603935209043622017e+05
4.603925678894072771e+05
4.603916040245890617e+05
4.603906298495531082e+05
4.603896452733278275e+05
4.603886531639993191e+05
4.603876481605917215e+05
4.603866352657675743e+05
4.603856117606759071e+05
4.603845776356160641e+05
4.603835322772562504e+05
4.603824774615913630e+05
4.603814117782413960e+05
4.603803343118876219e+05
4.603792460960596800e+05
4.603781463584005833e+05
4.603770358542650938e+05
4.603759151889383793e+05
4.603747827480137348e+05
4.603736377754509449e+05
4.603724821068197489e+05
4.603713129224777222e+05
4.603701321228593588e+05
4.603689392520487309e+05
4.603677341814935207e+05
4.603665180417746305e+05
4.603652885933667421e+05
4.603640477130413055e+05
4.603627926748096943e+05
4.603615257434695959e+05
4.603602440379261971e+05
4.603589509675651789e+05
4.603576430702656507e+05
4.603563235161006451e+05
4.603549875700771809e+05
4.603536388095766306e+05
4.603522739190161228e+05
4.603508956371396780e+05
4.603495030022561550e+05
4.603480955368280411e+05
4.603466725371778011e+05
4.603452346032857895e+05
4.603437808716744184e+05
4.603423103861659765e+05
4.603408249697089195e+05
4.603393233010470867e+05
4.603378085143715143e+05
4.603362744325995445e+05
4.603347239010185003e+05
4.603331544816195965e+05
4.603315686366409063e+05
4.603299641298800707e+05
4.603283423644602299e+05
4.603267016054540873e+05
4.603250456955432892e+05
4.603233682991862297e+05
4.603216698123663664e+05
4.603199541355669498e+05
4.603182156333476305e+05
4.603164581919908524e+05
4.603146801010519266e+05
4.603128774824738503e+05
4.603110536188334227e+05
4.603092043721228838e+05
4.603073348768055439e+05
4.603054438105523586e+05
4.603035265946239233e+05
4.603015843533426523e+05
4.602996151711195707e+05
4.602976211884766817e+05
4.602955989847928286e+05
4.602935492727458477e+05
4.602914723232835531e+05
4.602893669417649508e+05
4.602872316337823868e+05
4.602850647256821394e+05
4.602828673081547022e+05
4.602806370920985937e+05
4.602783726283013821e+05
4.602760743772387505e+05
4.602737382447123528e+05
4.602713634376376867e+05
4.602689506541490555e+05
4.602664983337223530e+05
4.602640004362612963e+05
4.602614599813967943e+05
4.602588739372342825e+05
4.602562355861961842e+05
4.602535481040030718e+05
4.602508056290745735e+05
4.602480083996951580e+05
4.602451488686949015e+05
4.602422277279496193e+05
4.602392362969070673e+05
4.602361689243167639e+05
4.602330227411836386e+05
4.602297853155583143e+05
4.602264612631052732e+05
4.602230258889645338e+05
4.602194751911908388e+05
4.602157950923293829e+05
4.602119593064337969e+05
4.602079409708678722e+05
4.602037023620009422e+05
4.601991602783054113e+05
4.601942247975468636e+05
