2.543434655652493238e+05
0.000000000000000000e+00
0.000000000000000000e+00
0.000000000000000000e+00
2.543517795909643173e+05
0.000000000000000000e+00
2.543524727762937546e+05
2.543542509884685278e+05
2.543593677345961332e+05
2.543560366805493832e+05
2.543607774303853512e+05
2.543625446878373623e+05
2.543665600330978632e+05
2.543646219950765371e+05
2.543684163293689489e+05
2.543701459010988474e+05
2.543734789874702692e+05
2.543724771561026573e+05
2.543756689689904451e+05
2.543773705566525459e+05
2.543801869170218706e+05
2.543798846688866615e+05
2.543826469601243734e+05
2.543842904143333435e+05
2.543867334799021482e+05
2.543869609556794167e+05
2.543894123798310757e+05
2.543910096937865019e+05
2.543931519749909639e+05
2.543938052091151476e+05
2.543960034432560205e+05
2.543975779098868370e+05
2.543994996605068445e+05
2.544004669172465801e+05
2.544024732508510351e+05
2.544040127535462379e+05
2.544057858079522848e+05
2.544069726930558681e+05
2.544088326642215252e+05
2.544103537664115429e+05
2.544120192530602217e+05
2.544133577179759741e+05
2.544150956731438637e+05
2.544166069353520870e+05
2.544182116248905659e+05
2.544196314284503460e+05
2.544212958830893040e+05
2.544227970056086779e+05
2.544243522072732449e+05
2.544258287175297737e+05
2.544274225400835276e+05
2.544289246837794781e+05
2.544304535775631666e+05
2.544319509802311659e+05
2.544334973577708006e+05
2.544349930956214666e+05
2.544365091064572334e+05
2.544380045280605555e+05
2.544395272161513567e+05
2.544410157757550478e+05
2.544425158880054951e+05
2.544440013682395220e+05
2.544455067843943834e+05
2.544469887690395117e+05
2.544484730156064034e+05
2.544499557003974915e+05
2.544514359273314476e+05
2.544529197336733341e+05
2.544543954380750656e+05
2.544558644425123930e+05
2.544573344020843506e+05
2.544588050123602152e+05
2.544602686505466700e+05
2.544617323515415192e+05
2.544631920845657587e+05
2.544646561057865620e+05
2.544661169270426035e+05
2.544675697030723095e+05
2.544690250587910414e+05
2.544704791178405285e+05
2.544719266562014818e+05
2.544733729684054852e+05
2.544748225172758102e+05
2.544762647341191769e+05
2.544777064215540886e+05
2.544791460428833961e+05
2.544805835285037756e+05
2.544820234551131725e+05
2.544834540438950062e+05
2.544848823591321707e+05
2.544863179577738047e+05
2.544877468224018812e+05
2.544891760229319334e+05
2.544906025838702917e+05
2.544920278649479151e+05
2.544934527850598097e+05
2.544948717601001263e+05
2.544962895131111145e+05
2.544977112118303776e+05
2.544991263732314110e+05
2.545005406363755465e+05
2.545019537631422281e+05
2.545033689358383417e+05
2.545047797330170870e+05
2.545061902005821466e+05
2.545075978983640671e+05
2.545090027751326561e+05
2.545104087921082973e+05
2.545118115480840206e+05
2.545132185762971640e+05
2.545146209385097027e+05
2.545160198758691549e+05
2.545174186498671770e+05
2.545188221587538719e+05
2.545202175684124231e+05
2.545216114478260279e+05
2.545230068163871765e+05
2.545244002738147974e+05
2.545257893809974194e+05
2.545271837768554688e+05
2.545285724963545799e+05
2.545299608052670956e+05
2.545313473416119814e+05
2.545327407019436359e+05
2.545341254515945911e+05
2.545355091114938259e+05
2.545368944009840488e+05
2.545382797873318195e+05
2.545396589792668819e+05
2.545410433200448751e+05
2.545424226410984993e+05
2.545438047862946987e+05
2.545451820568591356e+05
2.545465590739697218e+05
2.545479347777515650e+05
2.545493101547360420e+05
2.545506888978630304e+05
2.545520606489181519e+05
2.545534359836131334e+05
2.545548082936555147e+05
2.545561817606985569e+05
2.545575519518703222e+05
2.545589204287528992e+05
2.545602911247164011e+05
2.545616621044874191e+05
2.545630303596258163e+05
2.545643997936248779e+05
2.545657695175707340e+05
2.545671363758146763e+05
2.545684949477016926e+05
2.545698661473840475e+05
2.545712261304706335e+05
2.545725897127091885e+05
2.545739473904818296e+05
2.545753104204535484e+05
2.545766714602112770e+05
2.545780330466926098e+05
2.545793972369730473e+05
2.545807562473118305e+05
2.545821120858639479e+05
2.545834709797352552e+05
2.545848298543393612e+05
2.545861879631131887e+05
2.545875381909459829e+05
2.545888985783457756e+05
2.545902535182684660e+05
2.545916058332920074e+05
2.545929633053541183e+05
2.545943157724291086e+05
2.545956697662472725e+05
2.545970217242687941e+05
2.545983769623935223e+05
2.545997223730832338e+05
2.546010757483690977e+05
2.546024279913306236e+05
2.546037763770222664e+05
2.546051265857666731e+05
2.546064726638197899e+05
2.546078176049292088e+05
2.546091692561358213e+05
2.546105149655342102e+05
2.546118642235845327e+05
2.546132108281850815e+05
2.546145569800585508e+05
2.546159024707227945e+05
2.546172484747171402e+05
2.546185939214974642e+05
2.546199385508745909e+05
2.546212801201045513e+05
2.546226250521093607e+05
2.546239664096087217e+05
2.546253104954510927e+05
2.546266534397900105e+05
2.546279949052184820e+05
2.546293374452292919e+05
2.546306770832836628e+05
2.546320172851234674e+05
2.546333561021089554e+05
2.546346965005546808e+05
2.546360358406305313e+05
2.546373743573129177e+05
2.546387139254212379e+05
2.546400530277639627e+05
2.546413910854607821e+05
2.546427313289195299e+05
2.546440675783157349e+05
2.546454056220352650e+05
2.546467449534982443e+05
2.546480766917169094e+05
2.546494152235835791e+05
2.546507512429207563e+05
2.546520865945070982e+05
2.546534234742224216e+05
2.546547586437612772e+05
2.546560935395509005e+05
2.546574283867478371e+05
2.546587650241404772e+05
2.546600979003757238e+05
2.546614335916638374e+05
2.546627688889801502e+05
2.546641024427413940e+05
2.546654368501156569e+05
2.546667721862196922e+05
2.546681047509759665e+05
2.546694370351880789e+05
2.546707687945514917e+05
2.546721012976914644e+05
2.546734341729879379e+05
2.546747673623561859e+05
2.546760996158868074e+05
2.546774309697747231e+05
2.546787638323754072e+05
2.546800947718918324e+05
2.546814270110428333e+05
2.546827600455135107e+05
2.546840906221717596e+05
2.546854200672060251e+05
2.546867494476139545e+05
2.546880808773338795e+05
2.546894129853397608e+05
2.546907400107234716e+05
2.546920714118331671e+05
2.546934020104557276e+05
2.546947318862825632e+05
2.546960597118139267e+05
2.546973908653706312e+05
2.546987189564853907e+05
2.547000501448065042e+05
2.547013786220848560e+05
2.547027093601673841e+05
2.547040389117151499e+05
2.547053679359555244e+05
2.547066963697522879e+05
2.547080269004404545e+05
2.547093542213439941e+05
2.547106815004497766e+05
2.547120104296803474e+05
2.547133367494791746e+05
2.547146678888201714e+05
2.547159935061186552e+05
2.547173220223486423e+05
2.547186513394266367e+05
2.547199772823005915e+05
2.547213037836402655e+05
2.547226320113986731e+05
2.547239588537663221e+05
2.547252847497761250e+05
2.547266129600554705e+05
2.547279406310021877e+05
2.547292661618143320e+05
2.547305932152569294e+05
2.547319201238006353e+05
2.547332495367079973e+05
2.547345764876306057e+05
2.547359037519544363e+05
2.547372314282208681e+05
2.547385580467432737e+05
2.547398859613388777e+05
2.547412138954102993e+05
2.547425399173945189e+05
2.547438681450188160e+05
2.547451939970552921e+05
2.547465227307677269e+05
2.547478499225527048e+05
2.547491783542335033e+05
2.547505036398321390e+05
2.547518298622071743e+05
2.547531608592271805e+05
2.547544866468757391e+05
2.547558155364543200e+05
2.547571440465301275e+05
2.547584680873453617e+05
2.547597957914322615e+05
2.547611222701519728e+05
2.547624494365602732e+05
2.547637770328074694e+05
2.547651028037518263e+05
2.547664305999726057e+05
2.547677579494416714e+05
2.547690842936933041e+05
2.547704099334329367e+05
2.547717381447553635e+05
2.547730660727471113e+05
2.547743924023807049e+05
2.547757212280482054e+05
2.547770470400601625e+05
2.547783741225302219e+05
2.547796992250978947e+05
2.547810264803469181e+05
2.547823545762449503e+05
2.547836807774156332e+05
2.547850073515772820e+05
2.547863327982574701e+05
2.547876572129130363e+05
2.547889865426868200e+05
2.547903146052658558e+05
2.547916399391144514e+05
2.547929673854261637e+05
2.547942948323339224e+05
2.547956200647056103e+05
2.547969483964741230e+05
2.547982764245420694e+05
2.547996014918386936e+05
2.548009307892471552e+05
2.548022577053159475e+05
2.548035845434367657e+05
2.548049112134426832e+05
2.548062392281740904e+05
2.548075672257989645e+05
2.548088936181813478e+05
2.548102225831001997e+05
2.548115502172112465e+05
2.548128797726631165e+05
2.548142052407264709e+05
2.548155341273993254e+05
2.548168628136068583e+05
2.548181891870498657e+05
2.548195168528854847e+05
2.548208443626612425e+05
2.548221706024408340e+05
2.548234991148263216e+05
2.548248250402659178e+05
2.548261543836295605e+05
2.548274831254035234e+05
2.548288110015839338e+05
2.548301396437138319e+05
2.548314668076336384e+05
2.548327959763854742e+05
2.548341252928972244e+05
2.548354528864026070e+05
2.548367790969312191e+05
2.548381088681519032e+05
2.548394375660419464e+05
2.548407677974551916e+05
2.548420967402607203e+05
2.548434243042171001e+05
2.548447532328069210e+05
2.548460820356458426e+05
2.548474108749479055e+05
2.548487410043329000e+05
2.548500702784508467e+05
2.548514004130363464e+05
2.548527310903668404e+05
2.548540605983436108e+05
2.548553918546885252e+05
2.548567219565808773e+05
2.548580533298850060e+05
2.548593828079253435e+05
2.548607126036882401e+05
2.548620451819151640e+05
2.548633765861690044e+05
2.548647098306417465e+05
2.548660393066257238e+05
2.548673695275932550e+05
2.548687001627236605e+05
2.548700301663130522e+05
2.548713611554354429e+05
2.548726946870237589e+05
2.548740243153423071e+05
2.548753574451655149e+05
2.548766906970590353e+05
2.548780239845812321e+05
2.548793569857776165e+05
2.548806874072998762e+05
2.548820192216634750e+05
2.548833519870787859e+05
2.548846856404393911e+05
2.548860176464021206e+05
2.548873500823974609e+05
2.548886839429587126e+05
2.548900166531801224e+05
2.548913500957190990e+05
2.548926855927556753e+05
2.548940197832137346e+05
2.548953516263216734e+05
2.548966844879239798e+05
2.548980169595927000e+05
2.548993514643609524e+05
2.549006857186108828e+05
2.549020212846249342e+05
2.549033548765480518e+05
2.549046884894669056e+05
2.549060236717313528e+05
2.549073590361475945e+05
2.549086950903832912e+05
2.549100326372236013e+05
2.549113676271587610e+05
2.549126999855786562e+05
2.549140388520807028e+05
2.549153767025321722e+05
2.549167110859751701e+05
2.549180494149029255e+05
2.549193837826550007e+05
2.549207205191254616e+05
2.549220587798804045e+05
2.549233970846980810e+05
2.549247351509928703e+05
2.549260743692070246e+05
2.549274108931720257e+05
2.549287496721446514e+05
2.549300876272022724e+05
2.549314263481348753e+05
2.549327636380195618e+05
2.549341041026711464e+05
2.549354406132400036e+05
2.549367794026136398e+05
2.549381191636025906e+05
2.549394600224196911e+05
2.549408009910285473e+05
2.549421397563070059e+05
2.549434795296192169e+05
2.549448190343528986e+05
2.549461604619771242e+05
2.549475017426311970e+05
2.549488429485112429e+05
2.549501826542317867e+05
2.549515252620577812e+05
2.549528676568418741e+05
2.549542088235616684e+05
2.549555507684648037e+05
2.549568923423588276e+05
2.549582358720451593e+05
2.549595780412703753e+05
2.549609211769551039e+05
2.549622616056650877e+05
2.549636054382026196e+05
2.549649489752203226e+05
2.549662925965189934e+05
2.549676371753662825e+05
2.549689823127239943e+05
2.549703283561766148e+05
2.549716732225567102e+05
2.549730174282938242e+05
2.549743624573200941e+05
2.549757076085060835e+05
2.549770527823716402e+05
2.549783980383872986e+05
2.549797450894117355e+05
2.549810926633924246e+05
2.549824385866671801e+05
2.549837848081290722e+05
2.549851328405588865e+05
2.549864803457707167e+05
2.549878259573578835e+05
2.549891731004416943e+05
2.549905195028334856e+05
2.549918673074990511e+05
2.549932152137607336e+05
2.549945631703585386e+05
2.549959119476526976e+05
2.549972599523961544e+05
2.549986078693717718e+05
2.549999559838771820e+05
2.550013062371760607e+05
2.550026543293297291e+05
2.550040048243552446e+05
2.550053550083488226e+05
2.550067050467729568e+05
2.550080546006262302e+05
2.550094026769995689e+05
2.550107504575252533e+05
2.550121018262207508e+05
2.550134515385031700e+05
2.550148017382025719e+05
2.550161523298323154e+05
2.550175023922622204e+05
2.550188553849011660e+05
2.550202054430246353e+05
2.550215559318512678e+05
2.550229060872197151e+05
2.550242568216621876e+05
2.550256091080904007e+05
2.550269587029516697e+05
2.550283106249719858e+05
2.550296612784415483e+05
2.550310142345130444e+05
2.550323648295700550e+05
2.550337171510010958e+05
2.550350679562240839e+05
2.550364188059419394e+05
2.550377699241489172e+05
2.550391200137138367e+05
2.550404729658961296e+05
2.550418234661370516e+05
2.550431749264150858e+05
2.550445245090126991e+05
2.550458755574375391e+05
2.550472249007970095e+05
2.550485758435577154e+05
2.550499273990243673e+05
2.550512761717289686e+05
2.550526276336312294e+05
2.550539781014621258e+05
2.550553295159488916e+05
2.550566792520135641e+05
2.550580297242999077e+05
2.550593789374530315e+05
2.550607271701693535e+05
2.550620776675790548e+05
2.550634266742765903e+05
2.550647770526707172e+05
2.550661254105865955e+05
2.550674747586548328e+05
2.550688239987939596e+05
2.550701721197813749e+05
2.550715197941511869e+05
2.550728685210794210e+05
2.550742168973982334e+05
2.550755642636120319e+05
2.550769112453460693e+05
2.550782602393031120e+05
2.550796086524128914e+05
2.550809542726129293e+05
2.550823025937676430e+05
2.550836478998661041e+05
2.550849945903122425e+05
2.550863416151404381e+05
2.550876878281235695e+05
2.550890345896184444e+05
2.550903811101913452e+05
2.550917248826324940e+05
2.550930693403482437e+05
2.550944135937243700e+05
2.550957575309872627e+05
2.550971019341200590e+05
2.550984478347003460e+05
2.550997910713553429e+05
2.551011352407187223e+05
2.551024786822348833e+05
2.551038219775259495e+05
2.551051644496619701e+05
2.551065079309791327e+05
2.551078487542718649e+05
2.551091901659965515e+05
2.551105315324813128e+05
2.551118742820918560e+05
2.551132154235690832e+05
2.551145564712435007e+05
2.551158977919369936e+05
2.551172369496673346e+05
2.551185753429532051e+05
2.551199121044278145e+05
2.551212507488578558e+05
2.551225878264605999e+05
2.551239260435402393e+05
2.551252640196382999e+05
2.551266005404740572e+05
2.551279377288371325e+05
2.551292723612040281e+05
2.551306079459190369e+05
2.551319434083402157e+05
2.551332785125374794e+05
2.551346108028888702e+05
2.551359440051913261e+05
2.551372759490311146e+05
2.551386077369451523e+05
2.551399414021074772e+05
2.551412722941935062e+05
2.551426032443940639e+05
2.551439335089325905e+05
2.551452633865624666e+05
2.551465928114056587e+05
2.551479211302101612e+05
2.551492526181340218e+05
2.551505805668085814e+05
2.551519069989770651e+05
2.551532338880747557e+05
2.551545627115070820e+05
2.551558882889449596e+05
2.551572141285091639e+05
2.551585392585098743e+05
2.551598614400178194e+05
2.551611863764524460e+05
2.551625092308670282e+05
2.551638316949605942e+05
2.551651534747630358e+05
2.551664748498946428e+05
2.551677943051308393e+05
2.551691145588606596e+05
2.551704342359304428e+05
2.551717525160759687e+05
2.551730703505277634e+05
2.551743886727243662e+05
2.551757068289965391e+05
2.551770237646847963e+05
2.551783386535942554e+05
2.551796543689966202e+05
2.551809690441042185e+05
2.551822853751033545e+05
2.551835984441936016e+05
2.551849094397723675e+05
2.551862199007123709e+05
2.551875312550663948e+05
2.551888402595221996e+05
2.551901487882286310e+05
2.551914579402804375e+05
2.551927659844160080e+05
2.551940714879333973e+05
2.551953775466233492e+05
2.551966821693778038e+05
2.551979873741269112e+05
2.551992907337844372e+05
2.552005928372889757e+05
2.552018957042843103e+05
2.552031969817727804e+05
2.552044980510175228e+05
2.552057959913760424e+05
2.552070961771160364e+05
2.552083944295495749e+05
2.552096918473094702e+05
2.552109888348728418e+05
2.552122846689969301e+05
2.552135794459283352e+05
2.552148731317669153e+05
2.552161677551269531e+05
2.552174591908901930e+05
2.552187493392825127e+05
2.552200405542254448e+05
2.552213297239542007e+05
2.552226193820536137e+05
2.552239090036153793e+05
2.552251962050348520e+05
2.552264845685958862e+05
2.552277691068202257e+05
2.552290537089705467e+05
2.552303369262963533e+05
2.552316201777309179e+05
2.552329027057141066e+05
2.552341851887702942e+05
2.552354658038169146e+05
2.552367429377287626e+05
2.552380197223275900e+05
2.552392956462800503e+05
2.552405712731331587e+05
2.552418455277979374e+05
2.552431181566268206e+05
2.552443908834606409e+05
2.552456612399816513e+05
2.552469321434646845e+05
2.552482001364678144e+05
2.552494678393006325e+05
2.552507346753329039e+05
2.552520015609562397e+05
2.552532652812600136e+05
2.552545283850133419e+05
2.552557922157198191e+05
2.552570525186359882e+05
2.552583115746974945e+05
2.552595705870687962e+05
2.552608286369144917e+05
2.552620854477137327e+05
2.552633436399996281e+05
2.552645961958169937e+05
2.552658502153009176e+05
2.552671024805605412e+05
2.552683526953756809e+05
2.552696020788252354e+05
2.552708499140143394e+05
2.552720972447842360e+05
2.552733447213172913e+05
2.552745904562771320e+05
2.552758350676745176e+05
2.552770776658654213e+05
2.552783188502937555e+05
2.552795590577870607e+05
2.552807996007204056e+05
2.552820364718288183e+05
2.552832723001241684e+05
2.552845077718347311e+05
2.552857406332939863e+05
2.552869730322510004e+05
2.552882037582397461e+05
2.552894325493574142e+05
2.552906598768830299e+05
2.552918862472474575e+05
2.552931118548661470e+05
2.552943357513099909e+05
2.552955597771704197e+05
2.552967801216542721e+05
2.552979984350055456e+05
2.552992165180295706e+05
2.553004329751729965e+05
2.553016480085551739e+05
2.553028605641871691e+05
2.553040724317431450e+05
2.553052818143814802e+05
2.553064901397079229e+05
2.553076973388791084e+05
2.553089032547622919e+05
2.553101085970997810e+05
2.553113132210969925e+05
2.553125137964636087e+05
2.553137124402225018e+05
2.553149108460396528e+05
2.553161070472151041e+05
2.553173025957196951e+05
2.553184971542358398e+05
2.553196895672082901e+05
2.553208804125785828e+05
2.553220697422176600e+05
2.553232580085843801e+05
2.553244440277516842e+05
2.553256283370107412e+05
2.553268096470683813e+05
2.553279896207004786e+05
2.553291682802289724e+05
2.553303424309492111e+05
2.553315197889208794e+05
2.553326936066150665e+05
2.553338639387488365e+05
2.553350345079749823e+05
2.553362034706622362e+05
2.553373683529049158e+05
2.553385336366891861e+05
2.553396967304646969e+05
2.553408575044125319e+05
2.553420155115127563e+05
2.553431728176325560e+05
2.553443285435289145e+05
2.553454828779548407e+05
2.553466359991729259e+05
2.553477858303934336e+05
2.553489335537254810e+05
2.553500796203166246e+05
2.553512233796864748e+05
2.553523659047335386e+05
2.553535063772946596e+05
2.553546454071402550e+05
2.553557810934782028e+05
2.553569162493646145e+05
2.553580497218668461e+05
2.553591806433647871e+05
2.553603101080507040e+05
2.553614369647502899e+05
2.553625611034184694e+05
2.553636839295029640e+05
2.553648028148710728e+05
2.553659200842827559e+05
2.553670369095355272e+05
2.553681499962657690e+05
2.553692620692402124e+05
2.553703721328079700e+05
2.553714807281345129e+05
2.553725873389691114e+05
2.553736915608644485e+05
2.553747923512309790e+05
2.553758921814411879e+05
2.553769887853860855e+05
2.553780836166441441e+05
2.553791758937090635e+05
2.553802642561793327e+05
2.553813511053770781e+05
2.553824363349825144e+05
2.553835192650258541e+05
2.553845994371771812e+05
2.553856780294179916e+05
2.553867548636347055e+05
2.553878288442492485e+05
2.553888998014479876e+05
2.553899701789766550e+05
2.553910376574248075e+05
2.553921022137850523e+05
2.553931651794910431e+05
2.553942247856557369e+05
2.553952833466976881e+05
2.553963380828797817e+05
2.553973905861824751e+05
2.553984398114830256e+05
2.553994871815145016e+05
2.554005317869484425e+05
2.554015729684531689e+05
2.554026131228953600e+05
2.554036499944180250e+05
2.554046855830997229e+05
2.554057179868668318e+05
2.554067471543401480e+05
2.554077737813591957e+05
2.554087978983521461e+05
2.554098188832104206e+05
2.554108370298743248e+05
2.554118533036857843e+05
2.554128670772910118e+05
2.554138778413832188e+05
2.554148850713670254e+05
2.554158917628377676e+05
2.554168945214152336e+05
2.554178939525038004e+05
2.554188898865580559e+05
2.554198844651430845e+05
2.554208761409521103e+05
2.554218632891178131e+05
2.554228488885015249e+05
2.554238323113471270e+05
2.554248129561245441e+05
2.554257892891019583e+05
2.554267637242227793e+05
2.554277342615574598e+05
2.554287019914537668e+05
2.554296667095422745e+05
2.554306278831958771e+05
2.554315865613669157e+05
2.554325422375649214e+05
2.554334960392266512e+05
2.554344458659440279e+05
2.554353940603882074e+05
2.554363378299921751e+05
2.554372778815627098e+05
2.554382160655856133e+05
2.554391502753049135e+05
2.554400810904651880e+05
2.554410091762691736e+05
2.554419340092539787e+05
2.554428550859093666e+05
2.554437736092805862e+05
2.554446874662935734e+05
2.554455997667610645e+05
2.554465092502087355e+05
2.554474140315651894e+05
2.554483169625550508e+05
2.554492154796868563e+05
2.554501104261279106e+05
2.554510016919225454e+05
2.554518904226720333e+05
2.554527751006484032e+05
2.554536569740027189e+05
2.554545361800789833e+05
2.554554115449339151e+05
2.554562832788079977e+05
2.554571510896384716e+05
2.554580158041119576e+05
2.554588763642758131e+05
2.554597341326326132e+05
2.554605882807970047e+05
2.554614392053037882e+05
2.554622862573713064e+05
2.554631300902366638e+05
2.554639688161164522e+05
2.554648048880100250e+05
2.554656363326758146e+05
2.554664638432413340e+05
2.554672890557646751e+05
2.554681104097068310e+05
2.554689271653294563e+05
2.554697412882894278e+05
2.554705513723641634e+05
2.554713571796566248e+05
2.554721587467640638e+05
2.554729568018615246e+05
2.554737505759596825e+05
2.554745410626679659e+05
2.554753282124549150e+05
2.554761118488907814e+05
2.554768910888284445e+05
2.554776651647239923e+05
2.554784354392290115e+05
2.554792009178251028e+05
2.554799633969366550e+05
2.554807216661125422e+05
2.554814750346988440e+05
2.554822251309305429e+05
2.554829718401134014e+05
2.554837137045115232e+05
2.554844519177079201e+05
2.554851854822933674e+05
2.554859159065037966e+05
2.554866417109668255e+05
2.554873637359887362e+05
2.554880812000930309e+05
2.554887935480624437e+05
2.554895032439827919e+05
2.554902067485600710e+05
2.554909074748903513e+05
2.554916035789698362e+05
2.554922928017228842e+05
2.554929798219501972e+05
2.554936614977568388e+05
2.554943386604487896e+05
2.554950116205513477e+05
2.554956802245378494e+05
2.554963439668565989e+05
2.554970039506405592e+05
2.554976573529690504e+05
2.554983075613677502e+05
2.554989529504328966e+05
2.554995943562686443e+05
2.555002299905568361e+05
2.555008615628331900e+05
2.555014876813441515e+05
2.555021098495125771e+05
2.555027275484651327e+05
2.555033404350727797e+05
2.555039469989538193e+05
2.555045507698953152e+05
2.555051483533531427e+05
2.555057406707555056e+05
2.555063279250264168e+05
2.555069111075997353e+05
2.555074894286841154e+05
2.555080622827410698e+05
2.555086305986493826e+05
2.555091934461295605e+05
2.555097499973177910e+05
2.555103039869517088e+05
2.555108519661128521e+05
2.555113944467902184e+05
2.555119309433102608e+05
2.555124621693789959e+05
2.555129889105558395e+05
2.555135120709091425e+05
2.555140285088270903e+05
2.555145394658744335e+05
2.555150450571328402e+05
2.555155473440736532e+05
2.555160423516631126e+05
2.555165331600457430e+05
2.555170179761201143e+05
2.555174968744963408e+05
2.555179709138572216e+05
2.555184383454620838e+05
2.555189014757722616e+05
2.555193581373095512e+05
2.555198102323710918e+05
2.555202563409209251e+05
2.555206964584141970e+05
2.555211314808130264e+05
2.555215610130876303e+05
2.555219839631617069e+05
2.555224014010727406e+05
2.555228131726533175e+05
2.555232193418592215e+05
2.555236195303797722e+05
2.555240143703520298e+05
2.555244025222808123e+05
2.555247852740734816e+05
2.555251619720757008e+05
2.555255333209782839e+05
2.555258985333591700e+05
2.555262566413879395e+05
2.555266085787415504e+05
2.555269548261165619e+05
2.555272954970598221e+05
2.555276290559768677e+05
2.555279562379270792e+05
2.555282780344635248e+05
2.555285930777043104e+05
2.555289029213935137e+05
2.555292062128037214e+05
2.555295027009695768e+05
2.555297927081584930e+05
2.555300769828557968e+05
2.555303539965301752e+05
2.555306249982863665e+05
2.555308896569907665e+05
2.555311477243602276e+05
2.555313992204368114e+05
2.555316449968516827e+05
2.555318835526108742e+05
2.555321156749129295e+05
2.555323408579826355e+05
2.555325594968795776e+05
2.555327705994397402e+05
2.555329749852865934e+05
2.555331722243577242e+05
2.555333626637905836e+05
2.555335452569872141e+05
2.555337223974019289e+05
2.555338938217908144e+05
2.555340572559386492e+05
2.555342136696130037e+05
2.555343625657409430e+05
2.555345043308436871e+05
2.555346384020447731e+05
2.555347663577646017e+05
2.555348869952112436e+05
2.555350006180852652e+05
2.555351063199341297e+05
2.555352051670551300e+05
2.555352966288477182e+05
2.555353797216713428e+05
2.555354563190490007e+05
2.555355247894376516e+05
2.555355854824036360e+05
2.555356385757327080e+05
2.555356847294270992e+05
2.555357234346568584e+05
2.555357537548542023e+05
2.555357774093002081e+05
2.555357927544265985e+05
2.555357991347163916e+05
2.555357976100593805e+05
2.555357887001484632e+05
2.555357716412246227e+05
2.555357469525486231e+05
2.555357135953307152e+05
2.555356729906499386e+05
2.555356232893317938e+05
2.555355657516270876e+05
2.555354993261247873e+05
2.555354249992817640e+05
2.555353431709408760e+05
2.555352520809471607e+05
2.555351525704264641e+05
2.555350452447086573e+05
2.555349282601624727e+05
2.555348020701110363e+05
2.555346662214398384e+05
2.555345226594954729e+05
2.555343698692172766e+05
2.555342089509814978e+05
2.555340390259921551e+05
2.555338597202450037e+05
2.555336707122623920e+05
2.555334733715057373e+05
2.555332665101289749e+05
2.555330513660460711e+05
2.555328254175186157e+05
2.555325911444723606e+05
2.555323473110795021e+05
2.555320932876616716e+05
2.555318288910835981e+05
2.555315553982406855e+05
2.555312726481109858e+05
2.555309796182364225e+05
2.555306753294318914e+05
2.555303624930679798e+05
2.555300390168279409e+05
2.555297058074027300e+05
2.555293625999093056e+05
2.555290073659867048e+05
2.555286435002982616e+05
2.555282682935744524e+05
2.555278831317424774e+05
2.555274869201928377e+05
2.555270796722322702e+05
2.555266618077456951e+05
2.555262333889007568e+05
2.555257935890853405e+05
2.555253428116291761e+05
2.555248800239861012e+05
2.555244065699726343e+05
2.555239219674021006e+05
2.555234255771785975e+05
2.555229166953712702e+05
2.555223960627615452e+05
2.555218622888773680e+05
2.555213179439008236e+05
2.555207603702694178e+05
2.555201900325417519e+05
2.555196079416722059e+05
2.555190132258385420e+05
2.555184067346006632e+05
2.555177877327799797e+05
2.555171547918915749e+05
2.555165087171494961e+05
2.555158495424836874e+05
2.555151761494129896e+05
2.555144898056536913e+05
2.555137887610197067e+05
2.555130735013931990e+05
2.555123459121435881e+05
2.555116029432862997e+05
2.555108458728790283e+05
2.555100728772133589e+05
2.555092860915511847e+05
2.555084842157661915e+05
2.555076671343743801e+05
2.555068337718397379e+05
2.555059862989038229e+05
2.555051222967803478e+05
2.555042414218634367e+05
2.555033438356816769e+05
2.555024311500638723e+05
2.555015027427971363e+05
2.555005559377521276e+05
2.554995905879884958e+05
2.554986085221469402e+05
2.554976085911840200e+05
2.554965906063467264e+05
2.554955547004789114e+05
2.554944999420344830e+05
2.554934254270493984e+05
2.554923326162695885e+05
2.554912189069092274e+05
2.554900844465941191e+05
2.554889302755743265e+05
2.554877532558143139e+05
2.554865555864870548e+05
2.554853356144428253e+05
2.554840936820656061e+05
2.554828283626735210e+05
2.554815405948609114e+05
2.554802277281284332e+05
2.554788897325694561e+05
2.554775288156569004e+05
2.554761405470222235e+05
2.554747243332564831e+05
2.554732825343459845e+05
2.554718126226812601e+05
2.554703143604099751e+05
2.554687857842743397e+05
2.554672280506640673e+05
2.554656396694481373e+05
2.554640211147218943e+05
2.554623696413338184e+05
2.554606812686473131e+05
2.554589601539969444e+05
2.554572017069905996e+05
2.554554052920341492e+05
2.554535689543634653e+05
2.554516919944882393e+05
2.554497724793255329e+05
2.554478054237514734e+05
2.554457908443659544e+05
2.554437278494387865e+05
2.554416130483150482e+05
2.554394456144422293e+05
2.554372222392112017e+05
2.554349367886930704e+05
2.554325889765769243e+05
2.554301697863340378e+05
2.554276778768748045e+05
2.554251050067096949e+05
2.554224489471018314e+05
2.554196929225623608e+05
2.554168321519196033e+05
2.554138552801012993e+05
2.554107417743057013e+05
2.554074791810810566e+05
2.554040373738408089e+05
2.554003648744970560e+05
2.553964131042361259e+05
2.553920560276508331e+05
