6.297489235311746597e+04
0.000000000000000000e+00
0.000000000000000000e+00
0.000000000000000000e+00
6.298177539525926113e+04
0.000000000000000000e+00
6.298249353592097759e+04
6.298427588053047657e+04
6.298797602513432503e+04
6.298605867414176464e+04
6.298946131514012814e+04
6.299116544803977013e+04
6.299377220928668976e+04
6.299327136504650116e+04
6.299580186934769154e+04
6.299738801963627338e+04
6.299935586310923100e+04
6.299973382720351219e+04
6.300178178533911705e+04
6.300324491262435913e+04
6.300484829500317574e+04
6.300580559836328030e+04
6.300751208318769932e+04
6.300889463318884373e+04
6.301033550743758678e+04
6.301156872639060020e+04
6.301309238536655903e+04
6.301444997875392437e+04
6.301583529429137707e+04
6.301717759509384632e+04
6.301859176501631737e+04
6.301993071189522743e+04
6.302130730764567852e+04
6.302266585363447666e+04
6.302404326568543911e+04
6.302537517477571964e+04
6.302673203790187836e+04
6.302807445567846298e+04
6.302941764543950558e+04
6.303076951354742050e+04
6.303210580149292946e+04
6.303344415926933289e+04
6.303478030331432819e+04
6.303610722108185291e+04
6.303744015058875084e+04
6.303876729069650173e+04
6.304008766865730286e+04
6.304141678242385387e+04
6.304274286654591560e+04
6.304406233987212181e+04
6.304538630869984627e+04
6.304670558114349842e+04
6.304802122402191162e+04
6.304933938202261925e+04
6.305065630254149437e+04
6.305197476193308830e+04
6.305328381906449795e+04
6.305459574438631535e+04
6.305590584233403206e+04
6.305722166527807713e+04
6.305853928889334202e+04
6.305983293750882149e+04
6.306114862515032291e+04
6.306245429506897926e+04
6.306376323656737804e+04
6.306508217029273510e+04
6.306638293634355068e+04
6.306769495455920696e+04
6.306899919022619724e+04
6.307030681528151035e+04
6.307160680636763573e+04
6.307292328573763371e+04
6.307422307786345482e+04
6.307553380383551121e+04
6.307683684171736240e+04
6.307814592666924000e+04
6.307944916777312756e+04
6.308075523898005486e+04
6.308206068652868271e+04
6.308337141598761082e+04
6.308466765302419662e+04
6.308597796525061131e+04
6.308728458763659000e+04
6.308858956126868725e+04
6.308988757941126823e+04
6.309119807703793049e+04
6.309250246149301529e+04
6.309381537753343582e+04
6.309512278042733669e+04
6.309642232161760330e+04
6.309773589012026787e+04
6.309904206541180611e+04
6.310035286220908165e+04
6.310166020734608173e+04
6.310296716463565826e+04
6.310427775156497955e+04
6.310558982002735138e+04
6.310690400870144367e+04
6.310822264634072781e+04
6.310953577290475368e+04
6.311085083921253681e+04
6.311216490021348000e+04
6.311348095110058784e+04
6.311479763597249985e+04
6.311611598885059357e+04
6.311743396273255348e+04
6.311875419133901596e+04
6.312007977312803268e+04
6.312140047329664230e+04
6.312272663640975952e+04
6.312405093078315258e+04
6.312537950640916824e+04
6.312670375378429890e+04
6.312803348088264465e+04
6.312936646884679794e+04
6.313068920089304447e+04
6.313201512239873409e+04
6.313334944199025631e+04
6.313468200251460075e+04
6.313601882684230804e+04
6.313735107696056366e+04
6.313868870326876640e+04
6.314002976465225220e+04
6.314136437483131886e+04
6.314270521730184555e+04
6.314404863654077053e+04
6.314539196223020554e+04
6.314673493802547455e+04
6.314807976384460926e+04
6.314942868155241013e+04
6.315077819818258286e+04
6.315212655054032803e+04
6.315347163932025433e+04
6.315482221689820290e+04
6.315617091771960258e+04
6.315751413980126381e+04
6.315886663211882114e+04
6.316021642798185349e+04
6.316156249603629112e+04
6.316290808352828026e+04
6.316425752685964108e+04
6.316560019184648991e+04
6.316694830824434757e+04
6.316829401448369026e+04
6.316963512037694454e+04
6.317097238071262836e+04
6.317231406271457672e+04
6.317365362443029881e+04
6.317498593951761723e+04
6.317631324221193790e+04
6.317764463116228580e+04
6.317896963894367218e+04
6.318029580397903919e+04
6.318161838403344154e+04
6.318293646264076233e+04
6.318425092399120331e+04
6.318556273707747459e+04
6.318687574243545532e+04
6.318818540664017200e+04
6.318949213269352913e+04
6.319079169780015945e+04
6.319208749774098396e+04
6.319337966449558735e+04
6.319466424538195133e+04
6.319594850094616413e+04
6.319722765834629536e+04
6.319850442351400852e+04
6.319977713835239410e+04
6.320104275050759315e+04
6.320230667595565319e+04
6.320356101113557816e+04
6.320480732391774654e+04
6.320605206874012947e+04
6.320729760210216045e+04
6.320853359599411488e+04
6.320976108179986477e+04
6.321098414298892021e+04
6.321220487482845783e+04
6.321341114228963852e+04
6.321461847975850105e+04
6.321581562809646130e+04
6.321701159957051277e+04
6.321819405876100063e+04
6.321937361696362495e+04
6.322054344896972179e+04
6.322170957411825657e+04
6.322286368735134602e+04
6.322401450401544571e+04
6.322515086115896702e+04
6.322628435766696930e+04
6.322741011129319668e+04
6.322852369993925095e+04
6.322962709999084473e+04
6.323072639094293118e+04
6.323181603386998177e+04
6.323289327837526798e+04
6.323396105843782425e+04
6.323501960888504982e+04
6.323606794188916683e+04
6.323710199983417988e+04
6.323813167133927345e+04
6.323914932987093925e+04
6.324015589445829391e+04
6.324115244792401791e+04
6.324213472248613834e+04
6.324310656096041203e+04
6.324406601226329803e+04
6.324501179249584675e+04
6.324594609825313091e+04
6.324686910551786423e+04
6.324777766644954681e+04
6.324866959574818611e+04
6.324955242975056171e+04
6.325042072212696075e+04
6.325127215579152107e+04
6.325211125685274601e+04
6.325293631394207478e+04
6.325374597913026810e+04
6.325453617675602436e+04
6.325531224291026592e+04
6.325607506707310677e+04
6.325681698378920555e+04
6.325754226295650005e+04
6.325825180055201054e+04
6.325894413524866104e+04
6.325961396010220051e+04
6.326026990222930908e+04
6.326090492799878120e+04
6.326152213618159294e+04
6.326212057699263096e+04
6.326270060431957245e+04
6.326326006716489792e+04
6.326379880143702030e+04
6.326431458030641079e+04
6.326481028041243553e+04
6.326528281253576279e+04
6.326573401069641113e+04
6.326615970580279827e+04
6.326656378674507141e+04
6.326694464124739170e+04
6.326730228592455387e+04
6.326763435135781765e+04
6.326794364646077156e+04
6.326822224462032318e+04
6.326847652985155582e+04
6.326870423009991646e+04
6.326890381012856960e+04
6.326907590709626675e+04
6.326922362706065178e+04
6.326934101684391499e+04
6.326943117821216583e+04
6.326949047909677029e+04
6.326951747648417950e+04
6.326951166129112244e+04
6.326947555685043335e+04
6.326940730307996273e+04
6.326930226567387581e+04
6.326916358754038811e+04
6.326898908622562885e+04
6.326877799119055271e+04
6.326853069899976254e+04
6.326824236334860325e+04
6.326791586513817310e+04
6.326754659572243690e+04
6.326713863226771355e+04
6.326668379078805447e+04
6.326618527628481388e+04
6.326563571427762508e+04
6.326503828755021095e+04
6.326438864086568356e+04
6.326368338371813297e+04
6.326292176310718060e+04
6.326210386413335800e+04
6.326122282242774963e+04
6.326027057740092278e+04
6.325924609424173832e+04
6.325814745622873306e+04
6.325697141404449940e+04
6.325570397326350212e+04
6.325434182187914848e+04
6.325287191650271416e+04
6.325128703293204308e+04
6.324956933699548244e+04
6.324769154183566570e+04
6.324563639549911022e+04
6.324335002708435059e+04
6.324078387752175331e+04
6.323782646761834621e+04
