1.013177612703740597e+05
0.000000000000000000e+00
0.000000000000000000e+00
0.000000000000000000e+00
1.013252925184220076e+05
0.000000000000000000e+00
1.013259884513914585e+05
1.013277781219780445e+05
1.013320940876305103e+05
1.013295834959447384e+05
1.013335447419881821e+05
1.013352747004330158e+05
1.013384878233969212e+05
1.013373920830190182e+05
1.013404037047326565e+05
1.013420822127759457e+05
1.013446109391301870e+05
1.013444318108409643e+05
1.013469105198979378e+05
1.013485079554766417e+05
1.013505577411651611e+05
1.013510316455811262e+05
1.013531542720049620e+05
1.013546677010506392e+05
1.013564125194251537e+05
1.013573477897197008e+05
1.013591946950256824e+05
1.013606569337844849e+05
1.013622210916727781e+05
1.013634268384575844e+05
1.013651021744757891e+05
1.013665179441720247e+05
1.013680160911083221e+05
1.013693531969487667e+05
1.013709049792438745e+05
1.013723178032189608e+05
1.013737639577984810e+05
1.013751577831208706e+05
1.013766237840205431e+05
1.013780371107459068e+05
1.013794694610685110e+05
1.013808794158399105e+05
1.013823011357039213e+05
1.013837101349085569e+05
1.013851225084364414e+05
1.013865298377573490e+05
1.013879300105571747e+05
1.013893336580097675e+05
1.013907314132004976e+05
1.013921200976520777e+05
1.013935221172273159e+05
1.013949078056365252e+05
1.013962980319559574e+05
1.013976748311817646e+05
1.013990597573220730e+05
1.014004456702023745e+05
1.014018192680776119e+05
1.014031975922137499e+05
1.014045657734870911e+05
1.014059367233365774e+05
1.014073097220063210e+05
1.014086707736253738e+05
1.014100438766926527e+05
1.014114064766019583e+05
1.014127597843855619e+05
1.014141187798827887e+05
1.014154853103458881e+05
1.014168418203741312e+05
1.014181986547112465e+05
1.014195455611646175e+05
1.014208970886766911e+05
1.014222459459602833e+05
1.014235929844230413e+05
1.014249384544193745e+05
1.014262834820002317e+05
1.014276340680569410e+05
1.014289769733399153e+05
1.014303185386210680e+05
1.014316580493450165e+05
1.014329943932443857e+05
1.014343380574733019e+05
1.014356802206188440e+05
1.014370182718038559e+05
1.014383505198061466e+05
1.014396862989217043e+05
1.014410263711214066e+05
1.014423585352897644e+05
1.014437007470577955e+05
1.014450266970545053e+05
1.014463592134267092e+05
1.014476872963011265e+05
1.014490206479579210e+05
1.014503449756652117e+05
1.014516742495894432e+05
1.014530030446201563e+05
1.014543355473428965e+05
1.014556549934446812e+05
1.014569838661551476e+05
1.014583101366609335e+05
1.014596357220709324e+05
1.014609553970545530e+05
1.014622811505645514e+05
1.014636010461300611e+05
1.014649272258132696e+05
1.014662493769973516e+05
1.014675706586241722e+05
1.014688955403566360e+05
1.014702154065370560e+05
1.014715393530130386e+05
1.014728575670123100e+05
1.014741790404468775e+05
1.014755002872347832e+05
1.014768186612576246e+05
1.014781421108841896e+05
1.014794549332857132e+05
1.014807766550779343e+05
1.014820935618877411e+05
1.014834115654230118e+05
1.014847296855002642e+05
1.014860461060404778e+05
1.014873632197082043e+05
1.014886770717054605e+05
1.014899966405332088e+05
1.014913151015043259e+05
1.014926320548653603e+05
1.014939495798200369e+05
1.014952690960317850e+05
1.014965837007015944e+05
1.014979006980061531e+05
1.014992160795181990e+05
1.015005389957576990e+05
1.015018550252616405e+05
1.015031686313301325e+05
1.015044881043285131e+05
1.015058019955754280e+05
1.015071191764622927e+05
1.015084366622120142e+05
1.015097497191131115e+05
1.015110677270442247e+05
1.015123846405148506e+05
1.015137008620053530e+05
1.015150143334120512e+05
1.015163369402438402e+05
1.015176507174223661e+05
1.015189634947627783e+05
1.015202790271639824e+05
1.015216005225032568e+05
1.015229149941653013e+05
1.015242313278913498e+05
1.015255493863672018e+05
1.015268653305619955e+05
1.015281813269853592e+05
1.015295025198757648e+05
1.015308194620460272e+05
1.015321422532051802e+05
1.015334582963734865e+05
1.015347759757786989e+05
1.015360932718813419e+05
1.015374126208424568e+05
1.015387321707457304e+05
1.015400555400401354e+05
1.015413751451075077e+05
1.015426951080560684e+05
1.015440186927318573e+05
1.015453374722152948e+05
1.015466587773859501e+05
1.015479782778471708e+05
1.015493007449805737e+05
1.015506201868504286e+05
1.015519434020072222e+05
1.015532658804953098e+05
1.015545864446759224e+05
1.015559054882824421e+05
1.015572312368303537e+05
1.015585519310683012e+05
1.015598743921369314e+05
1.015611972227096558e+05
1.015625221165567636e+05
1.015638453423827887e+05
1.015651728962361813e+05
1.015664992540478706e+05
1.015678257991373539e+05
1.015691551368534565e+05
1.015704795174002647e+05
1.015718089923560619e+05
1.015731349196434021e+05
1.015744643995910883e+05
1.015757944091260433e+05
1.015771248771846294e+05
1.015784582044333220e+05
1.015797886426001787e+05
1.015811211477965117e+05
1.015824530457407236e+05
1.015837881104350090e+05
1.015851184380501509e+05
1.015864529371708632e+05
1.015877850134819746e+05
1.015891186887919903e+05
1.015904548895955086e+05
1.015917902772277594e+05
1.015931292046308517e+05
1.015944646893292665e+05
1.015958044480681419e+05
1.015971467670500278e+05
1.015984887776672840e+05
1.015998306655287743e+05
1.016011654132157564e+05
1.016025080661475658e+05
1.016038484088778496e+05
1.016051954099833965e+05
1.016065400420874357e+05
1.016078848318159580e+05
1.016092301795929670e+05
1.016105784054249525e+05
1.016119265291541815e+05
1.016132777719050646e+05
1.016146255955845118e+05
1.016159753052145243e+05
1.016173230583816767e+05
1.016186695784628391e+05
1.016200193948447704e+05
1.016213690881580114e+05
1.016227179371565580e+05
1.016240686575770378e+05
1.016254167907983065e+05
1.016267672962993383e+05
1.016281152183860540e+05
1.016294684784263372e+05
1.016308182104974985e+05
1.016321684477776289e+05
1.016335182659924030e+05
1.016348698076158762e+05
1.016362227134257555e+05
1.016375704804360867e+05
1.016389213553369045e+05
1.016402706528604031e+05
1.016416212540417910e+05
1.016429726308435202e+05
1.016443217910826206e+05
1.016456707492172718e+05
1.016470218525379896e+05
1.016483703242540359e+05
1.016497181609869003e+05
1.016510712355971336e+05
1.016524197863191366e+05
1.016537651552259922e+05
1.016551112053990364e+05
1.016564570054262877e+05
1.016577996684908867e+05
1.016591466965675354e+05
1.016604889062345028e+05
1.016618349766731262e+05
1.016631734333485365e+05
1.016645163121223450e+05
1.016658564692735672e+05
1.016671939269006252e+05
1.016685316115766764e+05
1.016698706246465445e+05
1.016712036290764809e+05
1.016725399636328220e+05
1.016738750891536474e+05
1.016752070345878601e+05
1.016765378528386354e+05
1.016778675515651703e+05
1.016791955138891935e+05
1.016805242881774902e+05
1.016818481334596872e+05
1.016831730247139931e+05
1.016844989729672670e+05
1.016858201773464680e+05
1.016871414788365364e+05
1.016884618687033653e+05
1.016897817882597446e+05
1.016910947916805744e+05
1.016924092966467142e+05
1.016937218427062035e+05
1.016950295528471470e+05
1.016963385515213013e+05
1.016976468854248524e+05
1.016989488881379366e+05
1.017002513671070337e+05
1.017015501398146152e+05
1.017028492529094219e+05
1.017041443154215813e+05
1.017054370356947184e+05
1.017067320046573877e+05
1.017080247403383255e+05
1.017093113902062178e+05
1.017105967256277800e+05
1.017118817926198244e+05
1.017131645728200674e+05
1.017144440514445305e+05
1.017157215389162302e+05
1.017169958293437958e+05
1.017182688867151737e+05
1.017195393254607916e+05
1.017208055090308189e+05
1.017220697209089994e+05
1.017233338622003794e+05
1.017245936008840799e+05
1.017258483433723450e+05
1.017271019224822521e+05
1.017283532037287951e+05
1.017296023048758507e+05
1.017308465028256178e+05
1.017320898264199495e+05
1.017333276142925024e+05
1.017345643867850304e+05
1.017357962089031935e+05
1.017370269469171762e+05
1.017382541318088770e+05
1.017394789475798607e+05
1.017406979954689741e+05
1.017419140763133764e+05
1.017431261579543352e+05
1.017443342539668083e+05
1.017455425401180983e+05
1.017467469963878393e+05
1.017479451507925987e+05
1.017491435039192438e+05
1.017503362169861794e+05
1.017515232643038034e+05
1.017527104989737272e+05
1.017538904173672199e+05
1.017550661340653896e+05
1.017562399470806122e+05
1.017574090253561735e+05
1.017585721758455038e+05
1.017597315353155136e+05
1.017608891559541225e+05
1.017620407066643238e+05
1.017631891338229179e+05
1.017643340316712856e+05
1.017654769888669252e+05
1.017666105639487505e+05
1.017677395680844784e+05
1.017688645078986883e+05
1.017699837026149035e+05
1.017710976466238499e+05
1.017722100057601929e+05
1.017733169661313295e+05
1.017744160252660513e+05
1.017755142259597778e+05
1.017766045060604811e+05
1.017776907281279564e+05
1.017787703506946564e+05
1.017798481483459473e+05
1.017809190097451210e+05
1.017819820141494274e+05
1.017830418031364679e+05
1.017840953886508942e+05
1.017851435177624226e+05
1.017861854488253593e+05
1.017872218435704708e+05
1.017882520088106394e+05
1.017892787411808968e+05
1.017903001850545406e+05
1.017913124270141125e+05
1.017923175998479128e+05
1.017933169490844011e+05
1.017943104831725359e+05
1.017952995488792658e+05
1.017962797505557537e+05
1.017972533229887486e+05
1.017982200333327055e+05
1.017991814022958279e+05
1.018001329958140850e+05
1.018010817305892706e+05
1.018020209621191025e+05
1.018029563064128160e+05
1.018038823668807745e+05
1.018048018786907196e+05
1.018057140415161848e+05
1.018066172954589128e+05
1.018075150849521160e+05
1.018084040308743715e+05
1.018092823525071144e+05
1.018101549832969904e+05
1.018110214535593987e+05
1.018118789791464806e+05
1.018127289372235537e+05
1.018135680358707905e+05
1.018144006832391024e+05
1.018152254372537136e+05
1.018160406420230865e+05
1.018168460486084223e+05
1.018176440027207136e+05
1.018184327934980392e+05
1.018192148794233799e+05
1.018199867309480906e+05
1.018207486079186201e+05
1.018215011018812656e+05
1.018222449760884047e+05
1.018229802367389202e+05
1.018237033449262381e+05
1.018244187973886728e+05
1.018251242697387934e+05
1.018258185671120882e+05
1.018265037180632353e+05
1.018271784746646881e+05
1.018278453425765038e+05
1.018285001361072063e+05
1.018291421389132738e+05
1.018297773156762123e+05
1.018304014897197485e+05
1.018310146661400795e+05
1.018316156998276711e+05
1.018322077154964209e+05
1.018327859998643398e+05
1.018333562745004892e+05
1.018339141678363085e+05
1.018344583829045296e+05
1.018349931596070528e+05
1.018355128692239523e+05
1.018360219148248434e+05
1.018365195949375629e+05
1.018370038217157125e+05
1.018374782290458679e+05
1.018379390756487846e+05
1.018383877457529306e+05
1.018388240388631821e+05
1.018392479828894138e+05
1.018396572318375111e+05
1.018400546025335789e+05
1.018404380776882172e+05
1.018408095988482237e+05
1.018411658551543951e+05
1.018415081045627594e+05
1.018418374950736761e+05
1.018421516444236040e+05
1.018424531503170729e+05
1.018427399923205376e+05
1.018430106603056192e+05
1.018432682456523180e+05
1.018435100910663605e+05
1.018437366278171539e+05
1.018439474734067917e+05
1.018441458533108234e+05
1.018443262470066547e+05
1.018444931841939688e+05
1.018446417160928249e+05
1.018447749808281660e+05
1.018448921751379967e+05
1.018449936168938875e+05
1.018450779717862606e+05
1.018451451601535082e+05
1.018451942987889051e+05
1.018452274958789349e+05
1.018452416792660952e+05
1.018452396372258663e+05
1.018452195923030376e+05
1.018451808938682079e+05
1.018451233050227165e+05
1.018450474703907967e+05
1.018449521078020334e+05
1.018448376119583845e+05
1.018447045710682869e+05
1.018445519946217537e+05
1.018443784381300211e+05
1.018441835100650787e+05
1.018439685044288635e+05
1.018437331123501062e+05
1.018434753206521273e+05
1.018431959683448076e+05
1.018428936747014523e+05
1.018425701507925987e+05
1.018422238804996014e+05
1.018418524992465973e+05
1.018414563080370426e+05
1.018410370182543993e+05
1.018405928280949593e+05
1.018401248595416546e+05
1.018396277017891407e+05
1.018391061810404062e+05
1.018385578713119030e+05
1.018379832284599543e+05
1.018373776100277901e+05
1.018367426290065050e+05
1.018360776101648808e+05
1.018353810273557901e+05
1.018346556898504496e+05
1.018338971165269613e+05
1.018331060046404600e+05
1.018322825801074505e+05
1.018314222233146429e+05
1.018305245185941458e+05
1.018295896990895271e+05
1.018286146496534348e+05
1.018275995675027370e+05
1.018265430909097195e+05
1.018254432545006275e+05
1.018242984060496092e+05
1.018231052099764347e+05
1.018218598548918962e+05
1.018205602419823408e+05
1.018192080994695425e+05
1.018177985624223948e+05
1.018163284189701080e+05
1.018147952679991722e+05
1.018131916724294424e+05
1.018115131924599409e+05
1.018097566223740578e+05
1.018079096759110689e+05
1.018059646170884371e+05
1.018039139907658100e+05
1.018017468621432781e+05
1.017994485513716936e+05
1.017969913516938686e+05
1.017943527564853430e+05
1.017914902416616678e+05
1.017883473945558071e+05
1.017848030684739351e+05
